t=0
0 0
0.010101 0
0.020202 0
0.030303 0
0.040404 0
0.0505051 0
0.0606061 0
0.0707071 0
0.0808081 0
0.0909091 0
0.10101 0
0.111111 0
0.121212 0
0.131313 0
0.141414 0
0.151515 0
0.161616 0
0.171717 0
0.181818 0
0.191919 0
0.20202 0
0.212121 0
0.222222 0
0.232323 0
0.242424 0
0.252525 0
0.262626 0
0.272727 0
0.282828 0
0.292929 0
0.30303 0
0.313131 0
0.323232 0
0.333333 0
0.343434 0
0.353535 0
0.363636 0
0.373737 0
0.383838 0
0.393939 0
0.40404 0
0.414141 0
0.424242 0
0.434343 0
0.444444 0
0.454545 0
0.464646 0
0.474747 0
0.484848 0
0.494949 0
0.505051 0
0.515152 0
0.525253 0
0.535354 0
0.545455 0
0.555556 0
0.565657 0
0.575758 0
0.585859 0
0.59596 0
0.606061 0
0.616162 0
0.626263 0
0.636364 0
0.646465 0
0.656566 0
0.666667 0
0.676768 0
0.686869 0
0.69697 0
0.707071 0
0.717172 0
0.727273 0
0.737374 0
0.747475 0
0.757576 0
0.767677 0
0.777778 0
0.787879 0
0.79798 0
0.808081 0
0.818182 0
0.828283 0
0.838384 0
0.848485 0
0.858586 0
0.868687 0
0.878788 0
0.888889 0
0.89899 0
0.909091 0
0.919192 0
0.929293 0
0.939394 0
0.949495 0
0.959596 0
0.969697 0
0.979798 0
0.989899 0
1 0

t=0.0251256
0 0
0.010101 0.00158722
0.020202 0.00316805
0.030303 0.00473612
0.040404 0.00628512
0.0505051 0.00780882
0.0606061 0.00930107
0.0707071 0.0107559
0.0808081 0.0121674
0.0909091 0.0135298
0.10101 0.0148379
0.111111 0.0160861
0.121212 0.0172696
0.131313 0.0183836
0.141414 0.0194235
0.151515 0.0203852
0.161616 0.0212649
0.171717 0.0220589
0.181818 0.0227641
0.191919 0.0233776
0.20202 0.023897
0.212121 0.0243201
0.222222 0.0246454
0.232323 0.0248714
0.242424 0.0249972
0.252525 0.0250224
0.262626 0.0249469
0.272727 0.0247709
0.282828 0.0244951
0.292929 0.0241207
0.30303 0.0236492
0.313131 0.0230824
0.323232 0.0224228
0.333333 0.0216728
0.343434 0.0208355
0.353535 0.0199144
0.363636 0.0189131
0.373737 0.0178356
0.383838 0.0166863
0.393939 0.0154698
0.40404 0.014191
0.414141 0.0128551
0.424242 0.0114674
0.434343 0.0100335
0.444444 0.00855925
0.454545 0.00705052
0.464646 0.0055134
0.474747 0.00395408
0.484848 0.00237883
0.494949 0.00079401
0.505051 -0.00079401
0.515152 -0.00237883
0.525253 -0.00395408
0.535354 -0.0055134
0.545455 -0.00705052
0.555556 -0.00855925
0.565657 -0.0100335
0.575758 -0.0114674
0.585859 -0.0128551
0.59596 -0.014191
0.606061 -0.0154698
0.616162 -0.0166863
0.626263 -0.0178356
0.636364 -0.0189131
0.646465 -0.0199144
0.656566 -0.0208355
0.666667 -0.0216728
0.676768 -0.0224228
0.686869 -0.0230824
0.69697 -0.0236492
0.707071 -0.0241207
0.717172 -0.0244951
0.727273 -0.0247709
0.737374 -0.0249469
0.747475 -0.0250224
0.757576 -0.0249972
0.767677 -0.0248714
0.777778 -0.0246454
0.787879 -0.0243201
0.79798 -0.023897
0.808081 -0.0233776
0.818182 -0.0227641
0.828283 -0.0220589
0.838384 -0.0212649
0.848485 -0.0203852
0.858586 -0.0194235
0.868687 -0.0183836
0.878788 -0.0172696
0.888889 -0.0160861
0.89899 -0.0148379
0.909091 -0.0135298
0.919192 -0.0121674
0.929293 -0.0107559
0.939394 -0.00930107
0.949495 -0.00780882
0.959596 -0.00628512
0.969697 -0.00473612
0.979798 -0.00316805
0.989899 -0.00158722
1 0

t=0.0502513
0 0
0.010101 0.00313497
0.020202 0.00625733
0.030303 0.00935448
0.040404 0.012414
0.0505051 0.0154235
0.0606061 0.0183709
0.0707071 0.0212443
0.0808081 0.0240322
0.0909091 0.0267233
0.10101 0.0293068
0.111111 0.0317723
0.121212 0.0341098
0.131313 0.0363101
0.141414 0.0383641
0.151515 0.0402636
0.161616 0.042001
0.171717 0.0435693
0.181818 0.0449621
0.191919 0.0461739
0.20202 0.0471998
0.212121 0.0480356
0.222222 0.048678
0.232323 0.0491243
0.242424 0.0493729
0.252525 0.0494227
0.262626 0.0492734
0.272727 0.0489258
0.282828 0.0483811
0.292929 0.0476417
0.30303 0.0467103
0.313131 0.045591
0.323232 0.044288
0.333333 0.0428067
0.343434 0.041153
0.353535 0.0393336
0.363636 0.0373559
0.373737 0.0352277
0.383838 0.0329577
0.393939 0.0305549
0.40404 0.0280291
0.414141 0.0253905
0.424242 0.0226496
0.434343 0.0198176
0.444444 0.0169057
0.454545 0.0139257
0.464646 0.0108897
0.474747 0.00780983
0.484848 0.00469852
0.494949 0.00156828
0.505051 -0.00156828
0.515152 -0.00469852
0.525253 -0.00780983
0.535354 -0.0108897
0.545455 -0.0139257
0.555556 -0.0169057
0.565657 -0.0198176
0.575758 -0.0226496
0.585859 -0.0253905
0.59596 -0.0280291
0.606061 -0.0305549
0.616162 -0.0329577
0.626263 -0.0352277
0.636364 -0.0373559
0.646465 -0.0393336
0.656566 -0.041153
0.666667 -0.0428067
0.676768 -0.044288
0.686869 -0.045591
0.69697 -0.0467103
0.707071 -0.0476417
0.717172 -0.0483811
0.727273 -0.0489258
0.737374 -0.0492734
0.747475 -0.0494227
0.757576 -0.0493729
0.767677 -0.0491243
0.777778 -0.048678
0.787879 -0.0480356
0.79798 -0.0471998
0.808081 -0.0461739
0.818182 -0.0449621
0.828283 -0.0435693
0.838384 -0.042001
0.848485 -0.0402636
0.858586 -0.0383641
0.868687 -0.0363101
0.878788 -0.0341098
0.888889 -0.0317723
0.89899 -0.0293068
0.909091 -0.0267233
0.919192 -0.0240322
0.929293 -0.0212443
0.939394 -0.0183709
0.949495 -0.0154235
0.959596 -0.012414
0.969697 -0.00935448
0.979798 -0.00625733
0.989899 -0.00313497
1 0

t=0.0753769
0 0
0.010101 0.00460478
0.020202 0.00919102
0.030303 0.0137402
0.040404 0.0182341
0.0505051 0.0226546
0.0606061 0.0269839
0.0707071 0.0312045
0.0808081 0.0352994
0.0909091 0.0392522
0.10101 0.043047
0.111111 0.0466684
0.121212 0.0501019
0.131313 0.0533337
0.141414 0.0563507
0.151515 0.0591408
0.161616 0.0616928
0.171717 0.0639963
0.181818 0.0660422
0.191919 0.0678221
0.20202 0.0693289
0.212121 0.0705566
0.222222 0.0715002
0.232323 0.0721558
0.242424 0.072521
0.252525 0.0725941
0.262626 0.0723748
0.272727 0.0718642
0.282828 0.0710642
0.292929 0.069978
0.30303 0.0686101
0.313131 0.0669659
0.323232 0.065052
0.333333 0.0628762
0.343434 0.0604472
0.353535 0.0577748
0.363636 0.0548698
0.373737 0.0517439
0.383838 0.0484096
0.393939 0.0448803
0.40404 0.0411704
0.414141 0.0372946
0.424242 0.0332687
0.434343 0.0291088
0.444444 0.0248318
0.454545 0.0204547
0.464646 0.0159952
0.474747 0.0114714
0.484848 0.00690137
0.494949 0.00230355
0.505051 -0.00230355
0.515152 -0.00690137
0.525253 -0.0114714
0.535354 -0.0159952
0.545455 -0.0204547
0.555556 -0.0248318
0.565657 -0.0291088
0.575758 -0.0332687
0.585859 -0.0372946
0.59596 -0.0411704
0.606061 -0.0448803
0.616162 -0.0484096
0.626263 -0.0517439
0.636364 -0.0548698
0.646465 -0.0577748
0.656566 -0.0604472
0.666667 -0.0628762
0.676768 -0.065052
0.686869 -0.0669659
0.69697 -0.0686101
0.707071 -0.069978
0.717172 -0.0710642
0.727273 -0.0718642
0.737374 -0.0723748
0.747475 -0.0725941
0.757576 -0.072521
0.767677 -0.0721558
0.777778 -0.0715002
0.787879 -0.0705566
0.79798 -0.0693289
0.808081 -0.0678221
0.818182 -0.0660422
0.828283 -0.0639963
0.838384 -0.0616928
0.848485 -0.0591408
0.858586 -0.0563507
0.868687 -0.0533337
0.878788 -0.0501019
0.888889 -0.0466684
0.89899 -0.043047
0.909091 -0.0392522
0.919192 -0.0352994
0.929293 -0.0312045
0.939394 -0.0269839
0.949495 -0.0226546
0.959596 -0.0182341
0.969697 -0.0137402
0.979798 -0.00919102
0.989899 -0.00460478
1 0

t=0.100503
0 0
0.010101 0.00596009
0.020202 0.0118962
0.030303 0.0177844
0.040404 0.0236009
0.0505051 0.0293225
0.0606061 0.034926
0.0707071 0.0403888
0.0808081 0.045689
0.0909091 0.0508052
0.10101 0.0557169
0.111111 0.0604042
0.121212 0.0648483
0.131313 0.0690312
0.141414 0.0729362
0.151515 0.0765475
0.161616 0.0798506
0.171717 0.0828321
0.181818 0.0854801
0.191919 0.087784
0.20202 0.0897343
0.212121 0.0913233
0.222222 0.0925446
0.232323 0.0933932
0.242424 0.0938658
0.252525 0.0939604
0.262626 0.0936767
0.272727 0.0930157
0.282828 0.0919803
0.292929 0.0905744
0.30303 0.0888038
0.313131 0.0866757
0.323232 0.0841985
0.333333 0.0813823
0.343434 0.0782384
0.353535 0.0747795
0.363636 0.0710195
0.373737 0.0669735
0.383838 0.0626578
0.393939 0.0580898
0.40404 0.0532879
0.414141 0.0482714
0.424242 0.0430606
0.434343 0.0376763
0.444444 0.0321404
0.454545 0.026475
0.464646 0.0207031
0.474747 0.0148477
0.484848 0.00893263
0.494949 0.00298154
0.505051 -0.00298154
0.515152 -0.00893263
0.525253 -0.0148477
0.535354 -0.0207031
0.545455 -0.026475
0.555556 -0.0321404
0.565657 -0.0376763
0.575758 -0.0430606
0.585859 -0.0482714
0.59596 -0.0532879
0.606061 -0.0580898
0.616162 -0.0626578
0.626263 -0.0669735
0.636364 -0.0710195
0.646465 -0.0747795
0.656566 -0.0782384
0.666667 -0.0813823
0.676768 -0.0841985
0.686869 -0.0866757
0.69697 -0.0888038
0.707071 -0.0905744
0.717172 -0.0919803
0.727273 -0.0930157
0.737374 -0.0936767
0.747475 -0.0939604
0.757576 -0.0938658
0.767677 -0.0933932
0.777778 -0.0925446
0.787879 -0.0913233
0.79798 -0.0897343
0.808081 -0.087784
0.818182 -0.0854801
0.828283 -0.0828321
0.838384 -0.0798506
0.848485 -0.0765475
0.858586 -0.0729362
0.868687 -0.0690312
0.878788 -0.0648483
0.888889 -0.0604042
0.89899 -0.0557169
0.909091 -0.0508052
0.919192 -0.045689
0.929293 -0.0403888
0.939394 -0.034926
0.949495 -0.0293225
0.959596 -0.0236009
0.969697 -0.0177844
0.979798 -0.0118962
0.989899 -0.00596009
1 0

t=0.125628
0 0
0.010101 0.0071672
0.020202 0.0143055
0.030303 0.0213863
0.040404 0.0283809
0.0505051 0.0352612
0.0606061 0.0419996
0.0707071 0.0485688
0.0808081 0.0549425
0.0909091 0.0610949
0.10101 0.0670014
0.111111 0.072638
0.121212 0.0779822
0.131313 0.0830123
0.141414 0.0877082
0.151515 0.0920509
0.161616 0.096023
0.171717 0.0996084
0.181818 0.102793
0.191919 0.105563
0.20202 0.107908
0.212121 0.109819
0.222222 0.111288
0.232323 0.112308
0.242424 0.112877
0.252525 0.11299
0.262626 0.112649
0.272727 0.111854
0.282828 0.110609
0.292929 0.108919
0.30303 0.10679
0.313131 0.10423
0.323232 0.101251
0.333333 0.0978649
0.343434 0.0940843
0.353535 0.0899248
0.363636 0.0854032
0.373737 0.0805378
0.383838 0.075348
0.393939 0.0698549
0.40404 0.0640804
0.414141 0.058048
0.424242 0.0517817
0.434343 0.045307
0.444444 0.0386499
0.454545 0.0318371
0.464646 0.0248961
0.474747 0.0178549
0.484848 0.0107418
0.494949 0.00358541
0.505051 -0.00358541
0.515152 -0.0107418
0.525253 -0.0178549
0.535354 -0.0248961
0.545455 -0.0318371
0.555556 -0.0386499
0.565657 -0.045307
0.575758 -0.0517817
0.585859 -0.058048
0.59596 -0.0640804
0.606061 -0.0698549
0.616162 -0.075348
0.626263 -0.0805378
0.636364 -0.0854032
0.646465 -0.0899248
0.656566 -0.0940843
0.666667 -0.0978649
0.676768 -0.101251
0.686869 -0.10423
0.69697 -0.10679
0.707071 -0.108919
0.717172 -0.110609
0.727273 -0.111854
0.737374 -0.112649
0.747475 -0.11299
0.757576 -0.112877
0.767677 -0.112308
0.777778 -0.111288
0.787879 -0.109819
0.79798 -0.107908
0.808081 -0.105563
0.818182 -0.102793
0.828283 -0.0996084
0.838384 -0.096023
0.848485 -0.0920509
0.858586 -0.0877082
0.868687 -0.0830123
0.878788 -0.0779822
0.888889 -0.072638
0.89899 -0.0670014
0.909091 -0.0610949
0.919192 -0.0549425
0.929293 -0.0485688
0.939394 -0.0419996
0.949495 -0.0352612
0.959596 -0.0283809
0.969697 -0.0213863
0.979798 -0.0143055
0.989899 -0.0071672
1 0

t=0.150754
0 0
0.010101 0.0081961
0.020202 0.0163592
0.030303 0.0244564
0.040404 0.0324552
0.0505051 0.0403232
0.0606061 0.0480289
0.0707071 0.0555412
0.0808081 0.0628299
0.0909091 0.0698656
0.10101 0.0766199
0.111111 0.0830657
0.121212 0.0891771
0.131313 0.0949293
0.141414 0.100299
0.151515 0.105265
0.161616 0.109808
0.171717 0.113908
0.181818 0.117549
0.191919 0.120717
0.20202 0.123399
0.212121 0.125585
0.222222 0.127264
0.232323 0.128431
0.242424 0.129081
0.252525 0.129211
0.262626 0.128821
0.272727 0.127912
0.282828 0.126488
0.292929 0.124555
0.30303 0.12212
0.313131 0.119193
0.323232 0.115787
0.333333 0.111914
0.343434 0.107591
0.353535 0.102834
0.363636 0.0976635
0.373737 0.0920996
0.383838 0.0861648
0.393939 0.079883
0.40404 0.0732796
0.414141 0.0663812
0.424242 0.0592154
0.434343 0.0518112
0.444444 0.0441983
0.454545 0.0364075
0.464646 0.0284701
0.474747 0.0204181
0.484848 0.0122838
0.494949 0.00410012
0.505051 -0.00410012
0.515152 -0.0122838
0.525253 -0.0204181
0.535354 -0.0284701
0.545455 -0.0364075
0.555556 -0.0441983
0.565657 -0.0518112
0.575758 -0.0592154
0.585859 -0.0663812
0.59596 -0.0732796
0.606061 -0.079883
0.616162 -0.0861648
0.626263 -0.0920996
0.636364 -0.0976635
0.646465 -0.102834
0.656566 -0.107591
0.666667 -0.111914
0.676768 -0.115787
0.686869 -0.119193
0.69697 -0.12212
0.707071 -0.124555
0.717172 -0.126488
0.727273 -0.127912
0.737374 -0.128821
0.747475 -0.129211
0.757576 -0.129081
0.767677 -0.128431
0.777778 -0.127264
0.787879 -0.125585
0.79798 -0.123399
0.808081 -0.120717
0.818182 -0.117549
0.828283 -0.113908
0.838384 -0.109808
0.848485 -0.105265
0.858586 -0.100299
0.868687 -0.0949293
0.878788 -0.0891771
0.888889 -0.0830657
0.89899 -0.0766199
0.909091 -0.0698656
0.919192 -0.0628299
0.929293 -0.0555412
0.939394 -0.0480289
0.949495 -0.0403232
0.959596 -0.0324552
0.969697 -0.0244564
0.979798 -0.0163592
0.989899 -0.0081961
1 0

t=0.175879
0 0
0.010101 0.00902121
0.020202 0.0180061
0.030303 0.0269185
0.040404 0.0357225
0.0505051 0.0443826
0.0606061 0.0528641
0.0707071 0.0611326
0.0808081 0.0691551
0.0909091 0.076899
0.10101 0.0843333
0.111111 0.091428
0.121212 0.0981546
0.131313 0.104486
0.141414 0.110397
0.151515 0.115863
0.161616 0.120862
0.171717 0.125375
0.181818 0.129383
0.191919 0.13287
0.20202 0.135822
0.212121 0.138227
0.222222 0.140076
0.232323 0.14136
0.242424 0.142076
0.252525 0.142219
0.262626 0.141789
0.272727 0.140789
0.282828 0.139222
0.292929 0.137094
0.30303 0.134414
0.313131 0.131193
0.323232 0.127443
0.333333 0.123181
0.343434 0.118422
0.353535 0.113187
0.363636 0.107495
0.373737 0.101371
0.383838 0.0948391
0.393939 0.0879249
0.40404 0.0806568
0.414141 0.0730638
0.424242 0.0651767
0.434343 0.0570271
0.444444 0.0486478
0.454545 0.0400727
0.464646 0.0313363
0.474747 0.0224736
0.484848 0.0135205
0.494949 0.00451288
0.505051 -0.00451288
0.515152 -0.0135205
0.525253 -0.0224736
0.535354 -0.0313363
0.545455 -0.0400727
0.555556 -0.0486478
0.565657 -0.0570271
0.575758 -0.0651767
0.585859 -0.0730638
0.59596 -0.0806568
0.606061 -0.0879249
0.616162 -0.0948391
0.626263 -0.101371
0.636364 -0.107495
0.646465 -0.113187
0.656566 -0.118422
0.666667 -0.123181
0.676768 -0.127443
0.686869 -0.131193
0.69697 -0.134414
0.707071 -0.137094
0.717172 -0.139222
0.727273 -0.140789
0.737374 -0.141789
0.747475 -0.142219
0.757576 -0.142076
0.767677 -0.14136
0.777778 -0.140076
0.787879 -0.138227
0.79798 -0.135822
0.808081 -0.13287
0.818182 -0.129383
0.828283 -0.125375
0.838384 -0.120862
0.848485 -0.115863
0.858586 -0.110397
0.868687 -0.104486
0.878788 -0.0981546
0.888889 -0.091428
0.89899 -0.0843333
0.909091 -0.076899
0.919192 -0.0691551
0.929293 -0.0611326
0.939394 -0.0528641
0.949495 -0.0443826
0.959596 -0.0357225
0.969697 -0.0269185
0.979798 -0.0180061
0.989899 -0.00902121
1 0

t=0.201005
0 0
0.010101 0.00962201
0.020202 0.0192053
0.030303 0.0287112
0.040404 0.0381016
0.0505051 0.0473385
0.0606061 0.0563847
0.0707071 0.065204
0.0808081 0.0737607
0.0909091 0.0820204
0.10101 0.0899498
0.111111 0.097517
0.121212 0.104692
0.131313 0.111445
0.141414 0.117749
0.151515 0.123579
0.161616 0.128911
0.171717 0.133725
0.181818 0.138
0.191919 0.141719
0.20202 0.144868
0.212121 0.147433
0.222222 0.149405
0.232323 0.150775
0.242424 0.151538
0.252525 0.15169
0.262626 0.151232
0.272727 0.150165
0.282828 0.148494
0.292929 0.146224
0.30303 0.143366
0.313131 0.13993
0.323232 0.135931
0.333333 0.131384
0.343434 0.126309
0.353535 0.120725
0.363636 0.114654
0.373737 0.108123
0.383838 0.101155
0.393939 0.0937806
0.40404 0.0860284
0.414141 0.0779298
0.424242 0.0695173
0.434343 0.060825
0.444444 0.0518877
0.454545 0.0427415
0.464646 0.0334232
0.474747 0.0239703
0.484848 0.0144209
0.494949 0.00481343
0.505051 -0.00481343
0.515152 -0.0144209
0.525253 -0.0239703
0.535354 -0.0334232
0.545455 -0.0427415
0.555556 -0.0518877
0.565657 -0.060825
0.575758 -0.0695173
0.585859 -0.0779298
0.59596 -0.0860284
0.606061 -0.0937806
0.616162 -0.101155
0.626263 -0.108123
0.636364 -0.114654
0.646465 -0.120725
0.656566 -0.126309
0.666667 -0.131384
0.676768 -0.135931
0.686869 -0.13993
0.69697 -0.143366
0.707071 -0.146224
0.717172 -0.148494
0.727273 -0.150165
0.737374 -0.151232
0.747475 -0.15169
0.757576 -0.151538
0.767677 -0.150775
0.777778 -0.149405
0.787879 -0.147433
0.79798 -0.144868
0.808081 -0.141719
0.818182 -0.138
0.828283 -0.133725
0.838384 -0.128911
0.848485 -0.123579
0.858586 -0.117749
0.868687 -0.111445
0.878788 -0.104692
0.888889 -0.097517
0.89899 -0.0899498
0.909091 -0.0820204
0.919192 -0.0737607
0.929293 -0.065204
0.939394 -0.0563847
0.949495 -0.0473385
0.959596 -0.0381016
0.969697 -0.0287112
0.979798 -0.0192053
0.989899 -0.00962201
1 0

t=0.226131
0 0
0.010101 0.00998357
0.020202 0.0199269
0.030303 0.0297901
0.040404 0.0395332
0.0505051 0.0491172
0.0606061 0.0585034
0.0707071 0.0676541
0.0808081 0.0765323
0.0909091 0.0851023
0.10101 0.0933297
0.111111 0.101181
0.121212 0.108625
0.131313 0.115632
0.141414 0.122173
0.151515 0.128223
0.161616 0.133755
0.171717 0.13875
0.181818 0.143185
0.191919 0.147044
0.20202 0.150311
0.212121 0.152973
0.222222 0.155019
0.232323 0.15644
0.242424 0.157232
0.252525 0.15739
0.262626 0.156915
0.272727 0.155808
0.282828 0.154073
0.292929 0.151719
0.30303 0.148753
0.313131 0.145188
0.323232 0.141039
0.333333 0.136321
0.343434 0.131055
0.353535 0.125261
0.363636 0.118963
0.373737 0.112185
0.383838 0.104956
0.393939 0.0973045
0.40404 0.089261
0.414141 0.080858
0.424242 0.0721295
0.434343 0.0631105
0.444444 0.0538374
0.454545 0.0443476
0.464646 0.0346791
0.474747 0.024871
0.484848 0.0149628
0.494949 0.0049943
0.505051 -0.0049943
0.515152 -0.0149628
0.525253 -0.024871
0.535354 -0.0346791
0.545455 -0.0443476
0.555556 -0.0538374
0.565657 -0.0631105
0.575758 -0.0721295
0.585859 -0.080858
0.59596 -0.089261
0.606061 -0.0973045
0.616162 -0.104956
0.626263 -0.112185
0.636364 -0.118963
0.646465 -0.125261
0.656566 -0.131055
0.666667 -0.136321
0.676768 -0.141039
0.686869 -0.145188
0.69697 -0.148753
0.707071 -0.151719
0.717172 -0.154073
0.727273 -0.155808
0.737374 -0.156915
0.747475 -0.15739
0.757576 -0.157232
0.767677 -0.15644
0.777778 -0.155019
0.787879 -0.152973
0.79798 -0.150311
0.808081 -0.147044
0.818182 -0.143185
0.828283 -0.13875
0.838384 -0.133755
0.848485 -0.128223
0.858586 -0.122173
0.868687 -0.115632
0.878788 -0.108625
0.888889 -0.101181
0.89899 -0.0933297
0.909091 -0.0851023
0.919192 -0.0765323
0.929293 -0.0676541
0.939394 -0.0585034
0.949495 -0.0491172
0.959596 -0.0395332
0.969697 -0.0297901
0.979798 -0.0199269
0.989899 -0.00998357
1 0

t=0.251256
0 0
0.010101 0.0100969
0.020202 0.0201531
0.030303 0.0301282
0.040404 0.039982
0.0505051 0.0496747
0.0606061 0.0591675
0.0707071 0.068422
0.0808081 0.077401
0.0909091 0.0860683
0.10101 0.094389
0.111111 0.10233
0.121212 0.109858
0.131313 0.116945
0.141414 0.12356
0.151515 0.129678
0.161616 0.135274
0.171717 0.140325
0.181818 0.14481
0.191919 0.148713
0.20202 0.152017
0.212121 0.154709
0.222222 0.156778
0.232323 0.158216
0.242424 0.159016
0.252525 0.159177
0.262626 0.158696
0.272727 0.157576
0.282828 0.155822
0.292929 0.153441
0.30303 0.150441
0.313131 0.146836
0.323232 0.142639
0.333333 0.137868
0.343434 0.132542
0.353535 0.126683
0.363636 0.120313
0.373737 0.113459
0.383838 0.106147
0.393939 0.0984089
0.40404 0.0902741
0.414141 0.0817758
0.424242 0.0729482
0.434343 0.0638268
0.444444 0.0544485
0.454545 0.0448509
0.464646 0.0350727
0.474747 0.0251533
0.484848 0.0151326
0.494949 0.00505098
0.505051 -0.00505098
0.515152 -0.0151326
0.525253 -0.0251533
0.535354 -0.0350727
0.545455 -0.0448509
0.555556 -0.0544485
0.565657 -0.0638268
0.575758 -0.0729482
0.585859 -0.0817758
0.59596 -0.0902741
0.606061 -0.0984089
0.616162 -0.106147
0.626263 -0.113459
0.636364 -0.120313
0.646465 -0.126683
0.656566 -0.132542
0.666667 -0.137868
0.676768 -0.142639
0.686869 -0.146836
0.69697 -0.150441
0.707071 -0.153441
0.717172 -0.155822
0.727273 -0.157576
0.737374 -0.158696
0.747475 -0.159177
0.757576 -0.159016
0.767677 -0.158216
0.777778 -0.156778
0.787879 -0.154709
0.79798 -0.152017
0.808081 -0.148713
0.818182 -0.14481
0.828283 -0.140325
0.838384 -0.135274
0.848485 -0.129678
0.858586 -0.12356
0.868687 -0.116945
0.878788 -0.109858
0.888889 -0.10233
0.89899 -0.094389
0.909091 -0.0860683
0.919192 -0.077401
0.929293 -0.068422
0.939394 -0.0591675
0.949495 -0.0496747
0.959596 -0.039982
0.969697 -0.0301282
0.979798 -0.0201531
0.989899 -0.0100969
1 0

t=0.276382
0 0
0.010101 0.00995914
0.020202 0.0198782
0.030303 0.0297172
0.040404 0.0394365
0.0505051 0.0489971
0.0606061 0.0583603
0.0707071 0.0674886
0.0808081 0.0763451
0.0909091 0.0848942
0.10101 0.0931014
0.111111 0.100934
0.121212 0.10836
0.131313 0.115349
0.141414 0.121874
0.151515 0.127909
0.161616 0.133428
0.171717 0.13841
0.181818 0.142835
0.191919 0.146685
0.20202 0.149944
0.212121 0.152599
0.222222 0.154639
0.232323 0.156058
0.242424 0.156847
0.252525 0.157005
0.262626 0.156531
0.272727 0.155427
0.282828 0.153697
0.292929 0.151347
0.30303 0.148389
0.313131 0.144833
0.323232 0.140693
0.333333 0.135988
0.343434 0.130734
0.353535 0.124955
0.363636 0.118672
0.373737 0.111911
0.383838 0.104699
0.393939 0.0970664
0.40404 0.0890426
0.414141 0.0806602
0.424242 0.071953
0.434343 0.0629561
0.444444 0.0537057
0.454545 0.0442391
0.464646 0.0345943
0.474747 0.0248102
0.484848 0.0149262
0.494949 0.00498208
0.505051 -0.00498208
0.515152 -0.0149262
0.525253 -0.0248102
0.535354 -0.0345943
0.545455 -0.0442391
0.555556 -0.0537057
0.565657 -0.0629561
0.575758 -0.071953
0.585859 -0.0806602
0.59596 -0.0890426
0.606061 -0.0970664
0.616162 -0.104699
0.626263 -0.111911
0.636364 -0.118672
0.646465 -0.124955
0.656566 -0.130734
0.666667 -0.135988
0.676768 -0.140693
0.686869 -0.144833
0.69697 -0.148389
0.707071 -0.151347
0.717172 -0.153697
0.727273 -0.155427
0.737374 -0.156531
0.747475 -0.157005
0.757576 -0.156847
0.767677 -0.156058
0.777778 -0.154639
0.787879 -0.152599
0.79798 -0.149944
0.808081 -0.146685
0.818182 -0.142835
0.828283 -0.13841
0.838384 -0.133428
0.848485 -0.127909
0.858586 -0.121874
0.868687 -0.115349
0.878788 -0.10836
0.888889 -0.100934
0.89899 -0.0931014
0.909091 -0.0848942
0.919192 -0.0763451
0.929293 -0.0674886
0.939394 -0.0583603
0.949495 -0.0489971
0.959596 -0.0394365
0.969697 -0.0297172
0.979798 -0.0198782
0.989899 -0.00995914
1 0

t=0.301508
0 0
0.010101 0.00957377
0.020202 0.019109
0.030303 0.0285673
0.040404 0.0379105
0.0505051 0.0471011
0.0606061 0.0561021
0.0707071 0.0648771
0.0808081 0.0733909
0.0909091 0.0816092
0.10101 0.0894988
0.111111 0.0970281
0.121212 0.104167
0.131313 0.110886
0.141414 0.117158
0.151515 0.122959
0.161616 0.128265
0.171717 0.133054
0.181818 0.137308
0.191919 0.141009
0.20202 0.144141
0.212121 0.146694
0.222222 0.148656
0.232323 0.150019
0.242424 0.150778
0.252525 0.15093
0.262626 0.150474
0.272727 0.149413
0.282828 0.147749
0.292929 0.145491
0.30303 0.142647
0.313131 0.139228
0.323232 0.135249
0.333333 0.130726
0.343434 0.125676
0.353535 0.120119
0.363636 0.11408
0.373737 0.10758
0.383838 0.100648
0.393939 0.0933104
0.40404 0.0855971
0.414141 0.0775391
0.424242 0.0691688
0.434343 0.06052
0.444444 0.0516276
0.454545 0.0425272
0.464646 0.0332556
0.474747 0.0238501
0.484848 0.0143486
0.494949 0.0047893
0.505051 -0.0047893
0.515152 -0.0143486
0.525253 -0.0238501
0.535354 -0.0332556
0.545455 -0.0425272
0.555556 -0.0516276
0.565657 -0.06052
0.575758 -0.0691688
0.585859 -0.0775391
0.59596 -0.0855971
0.606061 -0.0933104
0.616162 -0.100648
0.626263 -0.10758
0.636364 -0.11408
0.646465 -0.120119
0.656566 -0.125676
0.666667 -0.130726
0.676768 -0.135249
0.686869 -0.139228
0.69697 -0.142647
0.707071 -0.145491
0.717172 -0.147749
0.727273 -0.149413
0.737374 -0.150474
0.747475 -0.15093
0.757576 -0.150778
0.767677 -0.150019
0.777778 -0.148656
0.787879 -0.146694
0.79798 -0.144141
0.808081 -0.141009
0.818182 -0.137308
0.828283 -0.133054
0.838384 -0.128265
0.848485 -0.122959
0.858586 -0.117158
0.868687 -0.110886
0.878788 -0.104167
0.888889 -0.0970281
0.89899 -0.0894988
0.909091 -0.0816092
0.919192 -0.0733909
0.929293 -0.0648771
0.939394 -0.0561021
0.949495 -0.0471011
0.959596 -0.0379105
0.969697 -0.0285673
0.979798 -0.019109
0.989899 -0.00957377
1 0

t=0.326633
0 0
0.010101 0.00895036
0.020202 0.0178647
0.030303 0.0267071
0.040404 0.0354419
0.0505051 0.044034
0.0606061 0.0524488
0.0707071 0.0606525
0.0808081 0.0686119
0.0909091 0.076295
0.10101 0.0836709
0.111111 0.0907099
0.121212 0.0973836
0.131313 0.103665
0.141414 0.109529
0.151515 0.114953
0.161616 0.119913
0.171717 0.12439
0.181818 0.128367
0.191919 0.131827
0.20202 0.134755
0.212121 0.137142
0.222222 0.138976
0.232323 0.14025
0.242424 0.14096
0.252525 0.141102
0.262626 0.140676
0.272727 0.139683
0.282828 0.138128
0.292929 0.136017
0.30303 0.133358
0.313131 0.130162
0.323232 0.126442
0.333333 0.122213
0.343434 0.117492
0.353535 0.112298
0.363636 0.106651
0.373737 0.100575
0.383838 0.0940941
0.393939 0.0872343
0.40404 0.0800232
0.414141 0.0724899
0.424242 0.0646647
0.434343 0.0565791
0.444444 0.0482657
0.454545 0.039758
0.464646 0.0310901
0.474747 0.0222971
0.484848 0.0134143
0.494949 0.00447743
0.505051 -0.00447743
0.515152 -0.0134143
0.525253 -0.0222971
0.535354 -0.0310901
0.545455 -0.039758
0.555556 -0.0482657
0.565657 -0.0565791
0.575758 -0.0646647
0.585859 -0.0724899
0.59596 -0.0800232
0.606061 -0.0872343
0.616162 -0.0940941
0.626263 -0.100575
0.636364 -0.106651
0.646465 -0.112298
0.656566 -0.117492
0.666667 -0.122213
0.676768 -0.126442
0.686869 -0.130162
0.69697 -0.133358
0.707071 -0.136017
0.717172 -0.138128
0.727273 -0.139683
0.737374 -0.140676
0.747475 -0.141102
0.757576 -0.14096
0.767677 -0.14025
0.777778 -0.138976
0.787879 -0.137142
0.79798 -0.134755
0.808081 -0.131827
0.818182 -0.128367
0.828283 -0.12439
0.838384 -0.119913
0.848485 -0.114953
0.858586 -0.109529
0.868687 -0.103665
0.878788 -0.0973836
0.888889 -0.0907099
0.89899 -0.0836709
0.909091 -0.076295
0.919192 -0.0686119
0.929293 -0.0606525
0.939394 -0.0524488
0.949495 -0.044034
0.959596 -0.0354419
0.969697 -0.0267071
0.979798 -0.0178647
0.989899 -0.00895036
1 0

t=0.351759
0 0
0.010101 0.00810439
0.020202 0.0161761
0.030303 0.0241828
0.040404 0.032092
0.0505051 0.039872
0.0606061 0.0474915
0.0707071 0.0549197
0.0808081 0.0621268
0.0909091 0.0690838
0.10101 0.0757625
0.111111 0.0821362
0.121212 0.0881792
0.131313 0.0938671
0.141414 0.099177
0.151515 0.104088
0.161616 0.108579
0.171717 0.112633
0.181818 0.116234
0.191919 0.119367
0.20202 0.122019
0.212121 0.124179
0.222222 0.12584
0.232323 0.126994
0.242424 0.127637
0.252525 0.127765
0.262626 0.127379
0.272727 0.126481
0.282828 0.125073
0.292929 0.123161
0.30303 0.120753
0.313131 0.11786
0.323232 0.114491
0.333333 0.110662
0.343434 0.106387
0.353535 0.101683
0.363636 0.0965707
0.373737 0.091069
0.383838 0.0852006
0.393939 0.0789891
0.40404 0.0724596
0.414141 0.0656384
0.424242 0.0585528
0.434343 0.0512314
0.444444 0.0437038
0.454545 0.0360001
0.464646 0.0281516
0.474747 0.0201896
0.484848 0.0121464
0.494949 0.00405424
0.505051 -0.00405424
0.515152 -0.0121464
0.525253 -0.0201896
0.535354 -0.0281516
0.545455 -0.0360001
0.555556 -0.0437038
0.565657 -0.0512314
0.575758 -0.0585528
0.585859 -0.0656384
0.59596 -0.0724596
0.606061 -0.0789891
0.616162 -0.0852006
0.626263 -0.091069
0.636364 -0.0965707
0.646465 -0.101683
0.656566 -0.106387
0.666667 -0.110662
0.676768 -0.114491
0.686869 -0.11786
0.69697 -0.120753
0.707071 -0.123161
0.717172 -0.125073
0.727273 -0.126481
0.737374 -0.127379
0.747475 -0.127765
0.757576 -0.127637
0.767677 -0.126994
0.777778 -0.12584
0.787879 -0.124179
0.79798 -0.122019
0.808081 -0.119367
0.818182 -0.116234
0.828283 -0.112633
0.838384 -0.108579
0.848485 -0.104088
0.858586 -0.099177
0.868687 -0.0938671
0.878788 -0.0881792
0.888889 -0.0821362
0.89899 -0.0757625
0.909091 -0.0690838
0.919192 -0.0621268
0.929293 -0.0549197
0.939394 -0.0474915
0.949495 -0.039872
0.959596 -0.032092
0.969697 -0.0241828
0.979798 -0.0161761
0.989899 -0.00810439
1 0

t=0.376884
0 0
0.010101 0.00705691
0.020202 0.0140854
0.030303 0.0210572
0.040404 0.0279442
0.0505051 0.0347186
0.0606061 0.0413533
0.0707071 0.0478215
0.0808081 0.0540971
0.0909091 0.0601548
0.10101 0.0659704
0.111111 0.0715203
0.121212 0.0767822
0.131313 0.0817349
0.141414 0.0863585
0.151515 0.0906344
0.161616 0.0945454
0.171717 0.0980756
0.181818 0.101211
0.191919 0.103939
0.20202 0.106248
0.212121 0.108129
0.222222 0.109575
0.232323 0.11058
0.242424 0.11114
0.252525 0.111252
0.262626 0.110916
0.272727 0.110133
0.282828 0.108907
0.292929 0.107243
0.30303 0.105146
0.313131 0.102626
0.323232 0.0996934
0.333333 0.096359
0.343434 0.0926365
0.353535 0.0885411
0.363636 0.0840891
0.373737 0.0792985
0.383838 0.0741886
0.393939 0.0687799
0.40404 0.0630944
0.414141 0.0571547
0.424242 0.0509849
0.434343 0.0446098
0.444444 0.0380551
0.454545 0.0313472
0.464646 0.024513
0.474747 0.0175801
0.484848 0.0105765
0.494949 0.00353023
0.505051 -0.00353023
0.515152 -0.0105765
0.525253 -0.0175801
0.535354 -0.024513
0.545455 -0.0313472
0.555556 -0.0380551
0.565657 -0.0446098
0.575758 -0.0509849
0.585859 -0.0571547
0.59596 -0.0630944
0.606061 -0.0687799
0.616162 -0.0741886
0.626263 -0.0792985
0.636364 -0.0840891
0.646465 -0.0885411
0.656566 -0.0926365
0.666667 -0.096359
0.676768 -0.0996934
0.686869 -0.102626
0.69697 -0.105146
0.707071 -0.107243
0.717172 -0.108907
0.727273 -0.110133
0.737374 -0.110916
0.747475 -0.111252
0.757576 -0.11114
0.767677 -0.11058
0.777778 -0.109575
0.787879 -0.108129
0.79798 -0.106248
0.808081 -0.103939
0.818182 -0.101211
0.828283 -0.0980756
0.838384 -0.0945454
0.848485 -0.0906344
0.858586 -0.0863585
0.868687 -0.0817349
0.878788 -0.0767822
0.888889 -0.0715203
0.89899 -0.0659704
0.909091 -0.0601548
0.919192 -0.0540971
0.929293 -0.0478215
0.939394 -0.0413533
0.949495 -0.0347186
0.959596 -0.0279442
0.969697 -0.0210572
0.979798 -0.0140854
0.989899 -0.00705691
1 0

t=0.40201
0 0
0.010101 0.00583397
0.020202 0.0116444
0.030303 0.017408
0.040404 0.0231015
0.0505051 0.028702
0.0606061 0.0341869
0.0707071 0.0395341
0.0808081 0.0447222
0.0909091 0.0497301
0.10101 0.0545379
0.111111 0.059126
0.121212 0.063476
0.131313 0.0675705
0.141414 0.0713928
0.151515 0.0749277
0.161616 0.0781609
0.171717 0.0810793
0.181818 0.0836713
0.191919 0.0859264
0.20202 0.0878354
0.212121 0.0893908
0.222222 0.0905862
0.232323 0.0914169
0.242424 0.0918795
0.252525 0.0919721
0.262626 0.0916944
0.272727 0.0910474
0.282828 0.0900339
0.292929 0.0886578
0.30303 0.0869247
0.313131 0.0848415
0.323232 0.0824168
0.333333 0.0796602
0.343434 0.0765828
0.353535 0.0731971
0.363636 0.0695166
0.373737 0.0655562
0.383838 0.0613319
0.393939 0.0568605
0.40404 0.0521603
0.414141 0.0472499
0.424242 0.0421494
0.434343 0.0368791
0.444444 0.0314603
0.454545 0.0259148
0.464646 0.020265
0.474747 0.0145336
0.484848 0.00874361
0.494949 0.00291845
0.505051 -0.00291845
0.515152 -0.00874361
0.525253 -0.0145336
0.535354 -0.020265
0.545455 -0.0259148
0.555556 -0.0314603
0.565657 -0.0368791
0.575758 -0.0421494
0.585859 -0.0472499
0.59596 -0.0521603
0.606061 -0.0568605
0.616162 -0.0613319
0.626263 -0.0655562
0.636364 -0.0695166
0.646465 -0.0731971
0.656566 -0.0765828
0.666667 -0.0796602
0.676768 -0.0824168
0.686869 -0.0848415
0.69697 -0.0869247
0.707071 -0.0886578
0.717172 -0.0900339
0.727273 -0.0910474
0.737374 -0.0916944
0.747475 -0.0919721
0.757576 -0.0918795
0.767677 -0.0914169
0.777778 -0.0905862
0.787879 -0.0893908
0.79798 -0.0878354
0.808081 -0.0859264
0.818182 -0.0836713
0.828283 -0.0810793
0.838384 -0.0781609
0.848485 -0.0749277
0.858586 -0.0713928
0.868687 -0.0675705
0.878788 -0.063476
0.888889 -0.059126
0.89899 -0.0545379
0.909091 -0.0497301
0.919192 -0.0447222
0.929293 -0.0395341
0.939394 -0.0341869
0.949495 -0.028702
0.959596 -0.0231015
0.969697 -0.017408
0.979798 -0.0116444
0.989899 -0.00583397
1 0

t=0.427136
0 0
0.010101 0.00446596
0.020202 0.00891394
0.030303 0.013326
0.040404 0.0176844
0.0505051 0.0219717
0.0606061 0.0261704
0.0707071 0.0302638
0.0808081 0.0342353
0.0909091 0.0380689
0.10101 0.0417493
0.111111 0.0452615
0.121212 0.0485915
0.131313 0.0517259
0.141414 0.0546519
0.151515 0.0573579
0.161616 0.059833
0.171717 0.0620671
0.181818 0.0640512
0.191919 0.0657775
0.20202 0.0672389
0.212121 0.0684296
0.222222 0.0693447
0.232323 0.0699806
0.242424 0.0703347
0.252525 0.0704056
0.262626 0.070193
0.272727 0.0696977
0.282828 0.0689218
0.292929 0.0678684
0.30303 0.0665417
0.313131 0.0649471
0.323232 0.0630909
0.333333 0.0609807
0.343434 0.058625
0.353535 0.0560331
0.363636 0.0532157
0.373737 0.050184
0.383838 0.0469502
0.393939 0.0435273
0.40404 0.0399292
0.414141 0.0361703
0.424242 0.0322658
0.434343 0.0282313
0.444444 0.0240832
0.454545 0.019838
0.464646 0.015513
0.474747 0.0111256
0.484848 0.00669332
0.494949 0.00223411
0.505051 -0.00223411
0.515152 -0.00669332
0.525253 -0.0111256
0.535354 -0.015513
0.545455 -0.019838
0.555556 -0.0240832
0.565657 -0.0282313
0.575758 -0.0322658
0.585859 -0.0361703
0.59596 -0.0399292
0.606061 -0.0435273
0.616162 -0.0469502
0.626263 -0.050184
0.636364 -0.0532157
0.646465 -0.0560331
0.656566 -0.058625
0.666667 -0.0609807
0.676768 -0.0630909
0.686869 -0.0649471
0.69697 -0.0665417
0.707071 -0.0678684
0.717172 -0.0689218
0.727273 -0.0696977
0.737374 -0.070193
0.747475 -0.0704056
0.757576 -0.0703347
0.767677 -0.0699806
0.777778 -0.0693447
0.787879 -0.0684296
0.79798 -0.0672389
0.808081 -0.0657775
0.818182 -0.0640512
0.828283 -0.0620671
0.838384 -0.059833
0.848485 -0.0573579
0.858586 -0.0546519
0.868687 -0.0517259
0.878788 -0.0485915
0.888889 -0.0452615
0.89899 -0.0417493
0.909091 -0.0380689
0.919192 -0.0342353
0.929293 -0.0302638
0.939394 -0.0261704
0.949495 -0.0219717
0.959596 -0.0176844
0.969697 -0.013326
0.979798 -0.00891394
0.989899 -0.00446596
1 0

t=0.452261
0 0
0.010101 0.00298691
0.020202 0.0059618
0.030303 0.00891267
0.040404 0.0118277
0.0505051 0.014695
0.0606061 0.0175032
0.0707071 0.0202409
0.0808081 0.0228971
0.0909091 0.0254612
0.10101 0.0279226
0.111111 0.0302717
0.121212 0.0324989
0.131313 0.0345952
0.141414 0.0365522
0.151515 0.038362
0.161616 0.0400173
0.171717 0.0415115
0.181818 0.0428386
0.191919 0.0439931
0.20202 0.0449705
0.212121 0.0457669
0.222222 0.0463789
0.232323 0.0468042
0.242424 0.0470411
0.252525 0.0470885
0.262626 0.0469463
0.272727 0.046615
0.282828 0.0460961
0.292929 0.0453916
0.30303 0.0445042
0.313131 0.0434377
0.323232 0.0421963
0.333333 0.0407849
0.343434 0.0392094
0.353535 0.0374759
0.363636 0.0355916
0.373737 0.0335639
0.383838 0.0314011
0.393939 0.0291118
0.40404 0.0267053
0.414141 0.0241913
0.424242 0.0215799
0.434343 0.0188816
0.444444 0.0161072
0.454545 0.013268
0.464646 0.0103754
0.474747 0.00744098
0.484848 0.00447661
0.494949 0.00149421
0.505051 -0.00149421
0.515152 -0.00447661
0.525253 -0.00744098
0.535354 -0.0103754
0.545455 -0.013268
0.555556 -0.0161072
0.565657 -0.0188816
0.575758 -0.0215799
0.585859 -0.0241913
0.59596 -0.0267053
0.606061 -0.0291118
0.616162 -0.0314011
0.626263 -0.0335639
0.636364 -0.0355916
0.646465 -0.0374759
0.656566 -0.0392094
0.666667 -0.0407849
0.676768 -0.0421963
0.686869 -0.0434377
0.69697 -0.0445042
0.707071 -0.0453916
0.717172 -0.0460961
0.727273 -0.046615
0.737374 -0.0469463
0.747475 -0.0470885
0.757576 -0.0470411
0.767677 -0.0468042
0.777778 -0.0463789
0.787879 -0.0457669
0.79798 -0.0449705
0.808081 -0.0439931
0.818182 -0.0428386
0.828283 -0.0415115
0.838384 -0.0400173
0.848485 -0.038362
0.858586 -0.0365522
0.868687 -0.0345952
0.878788 -0.0324989
0.888889 -0.0302717
0.89899 -0.0279226
0.909091 -0.0254612
0.919192 -0.0228971
0.929293 -0.0202409
0.939394 -0.0175032
0.949495 -0.014695
0.959596 -0.0118277
0.969697 -0.00891267
0.979798 -0.0059618
0.989899 -0.00298691
1 0

t=0.477387
0 0
0.010101 0.00143359
0.020202 0.00286141
0.030303 0.00427771
0.040404 0.00567679
0.0505051 0.007053
0.0606061 0.00840082
0.0707071 0.00971481
0.0808081 0.0109897
0.0909091 0.0122203
0.10101 0.0134017
0.111111 0.0145292
0.121212 0.0155981
0.131313 0.0166042
0.141414 0.0175435
0.151515 0.0184121
0.161616 0.0192066
0.171717 0.0199238
0.181818 0.0205607
0.191919 0.0211149
0.20202 0.021584
0.212121 0.0219662
0.222222 0.02226
0.232323 0.0224641
0.242424 0.0225778
0.252525 0.0226005
0.262626 0.0225323
0.272727 0.0223733
0.282828 0.0221242
0.292929 0.0217861
0.30303 0.0213602
0.313131 0.0208483
0.323232 0.0202525
0.333333 0.0195751
0.343434 0.0188189
0.353535 0.0179869
0.363636 0.0170825
0.373737 0.0161093
0.383838 0.0150712
0.393939 0.0139725
0.40404 0.0128175
0.414141 0.0116108
0.424242 0.0103575
0.434343 0.00906238
0.444444 0.0077308
0.454545 0.0063681
0.464646 0.00497976
0.474747 0.00357136
0.484848 0.00214859
0.494949 0.000717158
0.505051 -0.000717158
0.515152 -0.00214859
0.525253 -0.00357136
0.535354 -0.00497976
0.545455 -0.0063681
0.555556 -0.0077308
0.565657 -0.00906238
0.575758 -0.0103575
0.585859 -0.0116108
0.59596 -0.0128175
0.606061 -0.0139725
0.616162 -0.0150712
0.626263 -0.0161093
0.636364 -0.0170825
0.646465 -0.0179869
0.656566 -0.0188189
0.666667 -0.0195751
0.676768 -0.0202525
0.686869 -0.0208483
0.69697 -0.0213602
0.707071 -0.0217861
0.717172 -0.0221242
0.727273 -0.0223733
0.737374 -0.0225323
0.747475 -0.0226005
0.757576 -0.0225778
0.767677 -0.0224641
0.777778 -0.02226
0.787879 -0.0219662
0.79798 -0.021584
0.808081 -0.0211149
0.818182 -0.0205607
0.828283 -0.0199238
0.838384 -0.0192066
0.848485 -0.0184121
0.858586 -0.0175435
0.868687 -0.0166042
0.878788 -0.0155981
0.888889 -0.0145292
0.89899 -0.0134017
0.909091 -0.0122203
0.919192 -0.0109897
0.929293 -0.00971481
0.939394 -0.00840082
0.949495 -0.007053
0.959596 -0.00567679
0.969697 -0.00427771
0.979798 -0.00286141
0.989899 -0.00143359
1 0

t=0.502513
0 0
0.010101 -0.00015537
0.020202 -0.000310115
0.030303 -0.000463611
0.040404 -0.000615241
0.0505051 -0.000764393
0.0606061 -0.000910466
0.0707071 -0.00105287
0.0808081 -0.00119104
0.0909091 -0.00132442
0.10101 -0.00145245
0.111111 -0.00157465
0.121212 -0.0016905
0.131313 -0.00179954
0.141414 -0.00190134
0.151515 -0.00199548
0.161616 -0.00208158
0.171717 -0.00215931
0.181818 -0.00222834
0.191919 -0.00228839
0.20202 -0.00233924
0.212121 -0.00238066
0.222222 -0.0024125
0.232323 -0.00243462
0.242424 -0.00244694
0.252525 -0.00244941
0.262626 -0.00244201
0.272727 -0.00242478
0.282828 -0.00239779
0.292929 -0.00236114
0.30303 -0.00231498
0.313131 -0.0022595
0.323232 -0.00219493
0.333333 -0.00212151
0.343434 -0.00203956
0.353535 -0.00194939
0.363636 -0.00185137
0.373737 -0.0017459
0.383838 -0.00163339
0.393939 -0.00151431
0.40404 -0.00138913
0.414141 -0.00125836
0.424242 -0.00112252
0.434343 -0.000982165
0.444444 -0.000837851
0.454545 -0.000690164
0.464646 -0.000539698
0.474747 -0.000387058
0.484848 -0.00023286
0.494949 -7.77243e-05
0.505051 7.77243e-05
0.515152 0.00023286
0.525253 0.000387058
0.535354 0.000539698
0.545455 0.000690164
0.555556 0.000837851
0.565657 0.000982165
0.575758 0.00112252
0.585859 0.00125836
0.59596 0.00138913
0.606061 0.00151431
0.616162 0.00163339
0.626263 0.0017459
0.636364 0.00185137
0.646465 0.00194939
0.656566 0.00203956
0.666667 0.00212151
0.676768 0.00219493
0.686869 0.0022595
0.69697 0.00231498
0.707071 0.00236114
0.717172 0.00239779
0.727273 0.00242478
0.737374 0.00244201
0.747475 0.00244941
0.757576 0.00244694
0.767677 0.00243462
0.777778 0.0024125
0.787879 0.00238066
0.79798 0.00233924
0.808081 0.00228839
0.818182 0.00222834
0.828283 0.00215931
0.838384 0.00208158
0.848485 0.00199548
0.858586 0.00190134
0.868687 0.00179954
0.878788 0.0016905
0.888889 0.00157465
0.89899 0.00145245
0.909091 0.00132442
0.919192 0.00119104
0.929293 0.00105287
0.939394 0.000910466
0.949495 0.000764393
0.959596 0.000615241
0.969697 0.000463611
0.979798 0.000310115
0.989899 0.00015537
1 0

t=0.527638
0 0
0.010101 -0.00174047
0.020202 -0.00347393
0.030303 -0.00519341
0.040404 -0.00689197
0.0505051 -0.00856278
0.0606061 -0.0101991
0.0707071 -0.0117944
0.0808081 -0.0133421
0.0909091 -0.0148362
0.10101 -0.0162705
0.111111 -0.0176393
0.121212 -0.0189371
0.131313 -0.0201586
0.141414 -0.0212989
0.151515 -0.0223535
0.161616 -0.0233181
0.171717 -0.0241887
0.181818 -0.024962
0.191919 -0.0256348
0.20202 -0.0262043
0.212121 -0.0266683
0.222222 -0.027025
0.232323 -0.0272728
0.242424 -0.0274108
0.252525 -0.0274384
0.262626 -0.0273556
0.272727 -0.0271626
0.282828 -0.0268602
0.292929 -0.0264496
0.30303 -0.0259326
0.313131 -0.0253111
0.323232 -0.0245877
0.333333 -0.0237654
0.343434 -0.0228473
0.353535 -0.0218372
0.363636 -0.0207392
0.373737 -0.0195577
0.383838 -0.0182974
0.393939 -0.0169634
0.40404 -0.0155612
0.414141 -0.0140963
0.424242 -0.0125746
0.434343 -0.0110023
0.444444 -0.00938567
0.454545 -0.00773127
0.464646 -0.00604573
0.474747 -0.00433585
0.484848 -0.00260852
0.494949 -0.000870674
0.505051 0.000870674
0.515152 0.00260852
0.525253 0.00433585
0.535354 0.00604573
0.545455 0.00773127
0.555556 0.00938567
0.565657 0.0110023
0.575758 0.0125746
0.585859 0.0140963
0.59596 0.0155612
0.606061 0.0169634
0.616162 0.0182974
0.626263 0.0195577
0.636364 0.0207392
0.646465 0.0218372
0.656566 0.0228473
0.666667 0.0237654
0.676768 0.0245877
0.686869 0.0253111
0.69697 0.0259326
0.707071 0.0264496
0.717172 0.0268602
0.727273 0.0271626
0.737374 0.0273556
0.747475 0.0274384
0.757576 0.0274108
0.767677 0.0272728
0.777778 0.027025
0.787879 0.0266683
0.79798 0.0262043
0.808081 0.0256348
0.818182 0.024962
0.828283 0.0241887
0.838384 0.0233181
0.848485 0.0223535
0.858586 0.0212989
0.868687 0.0201586
0.878788 0.0189371
0.888889 0.0176393
0.89899 0.0162705
0.909091 0.0148362
0.919192 0.0133421
0.929293 0.0117944
0.939394 0.0101991
0.949495 0.00856278
0.959596 0.00689197
0.969697 0.00519341
0.979798 0.00347393
0.989899 0.00174047
1 0

t=0.552764
0 0
0.010101 -0.0032823
0.020202 -0.00655137
0.030303 -0.00979407
0.040404 -0.0129973
0.0505051 -0.0161483
0.0606061 -0.0192342
0.0707071 -0.0222426
0.0808081 -0.0251615
0.0909091 -0.0279791
0.10101 -0.030684
0.111111 -0.0332653
0.121212 -0.0357128
0.131313 -0.0380164
0.141414 -0.0401669
0.151515 -0.0421557
0.161616 -0.0439747
0.171717 -0.0456167
0.181818 -0.047075
0.191919 -0.0483437
0.20202 -0.0494178
0.212121 -0.0502929
0.222222 -0.0509655
0.232323 -0.0514328
0.242424 -0.0516931
0.252525 -0.0517452
0.262626 -0.0515889
0.272727 -0.0512249
0.282828 -0.0506547
0.292929 -0.0498805
0.30303 -0.0489054
0.313131 -0.0477334
0.323232 -0.0463692
0.333333 -0.0448183
0.343434 -0.0430869
0.353535 -0.041182
0.363636 -0.0391113
0.373737 -0.0368831
0.383838 -0.0345064
0.393939 -0.0319908
0.40404 -0.0293463
0.414141 -0.0265837
0.424242 -0.023714
0.434343 -0.0207488
0.444444 -0.0177001
0.454545 -0.0145801
0.464646 -0.0114014
0.474747 -0.00817684
0.484848 -0.00491931
0.494949 -0.00164197
0.505051 0.00164197
0.515152 0.00491931
0.525253 0.00817684
0.535354 0.0114014
0.545455 0.0145801
0.555556 0.0177001
0.565657 0.0207488
0.575758 0.023714
0.585859 0.0265837
0.59596 0.0293463
0.606061 0.0319908
0.616162 0.0345064
0.626263 0.0368831
0.636364 0.0391113
0.646465 0.041182
0.656566 0.0430869
0.666667 0.0448183
0.676768 0.0463692
0.686869 0.0477334
0.69697 0.0489054
0.707071 0.0498805
0.717172 0.0506547
0.727273 0.0512249
0.737374 0.0515889
0.747475 0.0517452
0.757576 0.0516931
0.767677 0.0514328
0.777778 0.0509655
0.787879 0.0502929
0.79798 0.0494178
0.808081 0.0483437
0.818182 0.047075
0.828283 0.0456167
0.838384 0.0439747
0.848485 0.0421557
0.858586 0.0401669
0.868687 0.0380164
0.878788 0.0357128
0.888889 0.0332653
0.89899 0.030684
0.909091 0.0279791
0.919192 0.0251615
0.929293 0.0222426
0.939394 0.0192342
0.949495 0.0161483
0.959596 0.0129973
0.969697 0.00979407
0.979798 0.00655137
0.989899 0.0032823
1 0

t=0.577889
0 0
0.010101 -0.00474251
0.020202 -0.00946592
0.030303 -0.0141512
0.040404 -0.0187795
0.0505051 -0.0233322
0.0606061 -0.027791
0.0707071 -0.0321378
0.0808081 -0.0363552
0.0909091 -0.0404263
0.10101 -0.0443345
0.111111 -0.0480643
0.121212 -0.0516005
0.131313 -0.0549289
0.141414 -0.0580361
0.151515 -0.0609097
0.161616 -0.063538
0.171717 -0.0659104
0.181818 -0.0680175
0.191919 -0.0698507
0.20202 -0.0714026
0.212121 -0.072667
0.222222 -0.0736387
0.232323 -0.074314
0.242424 -0.07469
0.252525 -0.0747653
0.262626 -0.0745395
0.272727 -0.0740136
0.282828 -0.0731897
0.292929 -0.072071
0.30303 -0.0706622
0.313131 -0.0689688
0.323232 -0.0669977
0.333333 -0.0647568
0.343434 -0.0622552
0.353535 -0.0595029
0.363636 -0.056511
0.373737 -0.0532915
0.383838 -0.0498575
0.393939 -0.0462227
0.40404 -0.0424017
0.414141 -0.0384101
0.424242 -0.0342638
0.434343 -0.0299795
0.444444 -0.0255745
0.454545 -0.0210665
0.464646 -0.0164737
0.474747 -0.0118145
0.484848 -0.00710779
0.494949 -0.00237245
0.505051 0.00237245
0.515152 0.00710779
0.525253 0.0118145
0.535354 0.0164737
0.545455 0.0210665
0.555556 0.0255745
0.565657 0.0299795
0.575758 0.0342638
0.585859 0.0384101
0.59596 0.0424017
0.606061 0.0462227
0.616162 0.0498575
0.626263 0.0532915
0.636364 0.056511
0.646465 0.0595029
0.656566 0.0622552
0.666667 0.0647568
0.676768 0.0669977
0.686869 0.0689688
0.69697 0.0706622
0.707071 0.072071
0.717172 0.0731897
0.727273 0.0740136
0.737374 0.0745395
0.747475 0.0747653
0.757576 0.07469
0.767677 0.074314
0.777778 0.0736387
0.787879 0.072667
0.79798 0.0714026
0.808081 0.0698507
0.818182 0.0680175
0.828283 0.0659104
0.838384 0.063538
0.848485 0.0609097
0.858586 0.0580361
0.868687 0.0549289
0.878788 0.0516005
0.888889 0.0480643
0.89899 0.0443345
0.909091 0.0404263
0.919192 0.0363552
0.929293 0.0321378
0.939394 0.027791
0.949495 0.0233322
0.959596 0.0187795
0.969697 0.0141512
0.979798 0.00946592
0.989899 0.00474251
1 0

t=0.603015
0 0
0.010101 -0.0060848
0.020202 -0.0121451
0.030303 -0.0181565
0.040404 -0.0240948
0.0505051 -0.029936
0.0606061 -0.0356567
0.0707071 -0.0412339
0.0808081 -0.046645
0.0909091 -0.0518683
0.10101 -0.0568827
0.111111 -0.0616681
0.121212 -0.0662052
0.131313 -0.0704756
0.141414 -0.0744623
0.151515 -0.0781492
0.161616 -0.0815214
0.171717 -0.0845653
0.181818 -0.0872688
0.191919 -0.0896208
0.20202 -0.0916119
0.212121 -0.0932342
0.222222 -0.094481
0.232323 -0.0953474
0.242424 -0.0958299
0.252525 -0.0959264
0.262626 -0.0956368
0.272727 -0.094962
0.282828 -0.0939049
0.292929 -0.0924696
0.30303 -0.090662
0.313131 -0.0884893
0.323232 -0.0859603
0.333333 -0.0830852
0.343434 -0.0798755
0.353535 -0.0763442
0.363636 -0.0725055
0.373737 -0.0683748
0.383838 -0.0639688
0.393939 -0.0593053
0.40404 -0.0544029
0.414141 -0.0492815
0.424242 -0.0439616
0.434343 -0.0384647
0.444444 -0.0328129
0.454545 -0.027029
0.464646 -0.0211363
0.474747 -0.0151584
0.484848 -0.00911954
0.494949 -0.00304393
0.505051 0.00304393
0.515152 0.00911954
0.525253 0.0151584
0.535354 0.0211363
0.545455 0.027029
0.555556 0.0328129
0.565657 0.0384647
0.575758 0.0439616
0.585859 0.0492815
0.59596 0.0544029
0.606061 0.0593053
0.616162 0.0639688
0.626263 0.0683748
0.636364 0.0725055
0.646465 0.0763442
0.656566 0.0798755
0.666667 0.0830852
0.676768 0.0859603
0.686869 0.0884893
0.69697 0.090662
0.707071 0.0924696
0.717172 0.0939049
0.727273 0.094962
0.737374 0.0956368
0.747475 0.0959264
0.757576 0.0958299
0.767677 0.0953474
0.777778 0.094481
0.787879 0.0932342
0.79798 0.0916119
0.808081 0.0896208
0.818182 0.0872688
0.828283 0.0845653
0.838384 0.0815214
0.848485 0.0781492
0.858586 0.0744623
0.868687 0.0704756
0.878788 0.0662052
0.888889 0.0616681
0.89899 0.0568827
0.909091 0.0518683
0.919192 0.046645
0.929293 0.0412339
0.939394 0.0356567
0.949495 0.029936
0.959596 0.0240948
0.969697 0.0181565
0.979798 0.0121451
0.989899 0.0060848
1 0

t=0.628141
0 0
0.010101 -0.00727579
0.020202 -0.0145223
0.030303 -0.0217103
0.040404 -0.0288109
0.0505051 -0.0357955
0.0606061 -0.0426359
0.0707071 -0.0493047
0.0808081 -0.055775
0.0909091 -0.0620206
0.10101 -0.0680165
0.111111 -0.0737386
0.121212 -0.0791637
0.131313 -0.08427
0.141414 -0.0890371
0.151515 -0.0934456
0.161616 -0.0974778
0.171717 -0.101118
0.181818 -0.10435
0.191919 -0.107162
0.20202 -0.109543
0.212121 -0.111483
0.222222 -0.112974
0.232323 -0.11401
0.242424 -0.114587
0.252525 -0.114702
0.262626 -0.114356
0.272727 -0.113549
0.282828 -0.112285
0.292929 -0.110569
0.30303 -0.108408
0.313131 -0.10581
0.323232 -0.102786
0.333333 -0.0993477
0.343434 -0.0955098
0.353535 -0.0912873
0.363636 -0.0866972
0.373737 -0.081758
0.383838 -0.0764896
0.393939 -0.0709132
0.40404 -0.0650513
0.414141 -0.0589274
0.424242 -0.0525663
0.434343 -0.0459935
0.444444 -0.0392355
0.454545 -0.0323195
0.464646 -0.0252733
0.474747 -0.0181254
0.484848 -0.0109045
0.494949 -0.00363973
0.505051 0.00363973
0.515152 0.0109045
0.525253 0.0181254
0.535354 0.0252733
0.545455 0.0323195
0.555556 0.0392355
0.565657 0.0459935
0.575758 0.0525663
0.585859 0.0589274
0.59596 0.0650513
0.606061 0.0709132
0.616162 0.0764896
0.626263 0.081758
0.636364 0.0866972
0.646465 0.0912873
0.656566 0.0955098
0.666667 0.0993477
0.676768 0.102786
0.686869 0.10581
0.69697 0.108408
0.707071 0.110569
0.717172 0.112285
0.727273 0.113549
0.737374 0.114356
0.747475 0.114702
0.757576 0.114587
0.767677 0.11401
0.777778 0.112974
0.787879 0.111483
0.79798 0.109543
0.808081 0.107162
0.818182 0.10435
0.828283 0.101118
0.838384 0.0974778
0.848485 0.0934456
0.858586 0.0890371
0.868687 0.08427
0.878788 0.0791637
0.888889 0.0737386
0.89899 0.0680165
0.909091 0.0620206
0.919192 0.055775
0.929293 0.0493047
0.939394 0.0426359
0.949495 0.0357955
0.959596 0.0288109
0.969697 0.0217103
0.979798 0.0145223
0.989899 0.00727579
1 0

t=0.653266
0 0
0.010101 -0.00828588
0.020202 -0.0165384
0.030303 -0.0247243
0.040404 -0.0328107
0.0505051 -0.0407649
0.0606061 -0.048555
0.0707071 -0.0561496
0.0808081 -0.0635181
0.0909091 -0.0706308
0.10101 -0.0774591
0.111111 -0.0839756
0.121212 -0.0901538
0.131313 -0.0959691
0.141414 -0.101398
0.151515 -0.106418
0.161616 -0.11101
0.171717 -0.115156
0.181818 -0.118837
0.191919 -0.12204
0.20202 -0.124751
0.212121 -0.12696
0.222222 -0.128658
0.232323 -0.129838
0.242424 -0.130495
0.252525 -0.130626
0.262626 -0.130232
0.272727 -0.129313
0.282828 -0.127873
0.292929 -0.125919
0.30303 -0.123458
0.313131 -0.120499
0.323232 -0.117055
0.333333 -0.11314
0.343434 -0.108769
0.353535 -0.103961
0.363636 -0.0987332
0.373737 -0.0931083
0.383838 -0.0871085
0.393939 -0.080758
0.40404 -0.0740823
0.414141 -0.0671082
0.424242 -0.059864
0.434343 -0.0523787
0.444444 -0.0446825
0.454545 -0.0368063
0.464646 -0.028782
0.474747 -0.0206417
0.484848 -0.0124184
0.494949 -0.00414503
0.505051 0.00414503
0.515152 0.0124184
0.525253 0.0206417
0.535354 0.028782
0.545455 0.0368063
0.555556 0.0446825
0.565657 0.0523787
0.575758 0.059864
0.585859 0.0671082
0.59596 0.0740823
0.606061 0.080758
0.616162 0.0871085
0.626263 0.0931083
0.636364 0.0987332
0.646465 0.103961
0.656566 0.108769
0.666667 0.11314
0.676768 0.117055
0.686869 0.120499
0.69697 0.123458
0.707071 0.125919
0.717172 0.127873
0.727273 0.129313
0.737374 0.130232
0.747475 0.130626
0.757576 0.130495
0.767677 0.129838
0.777778 0.128658
0.787879 0.12696
0.79798 0.124751
0.808081 0.12204
0.818182 0.118837
0.828283 0.115156
0.838384 0.11101
0.848485 0.106418
0.858586 0.101398
0.868687 0.0959691
0.878788 0.0901538
0.888889 0.0839756
0.89899 0.0774591
0.909091 0.0706308
0.919192 0.0635181
0.929293 0.0561496
0.939394 0.048555
0.949495 0.0407649
0.959596 0.0328107
0.969697 0.0247243
0.979798 0.0165384
0.989899 0.00828588
1 0

t=0.678392
0 0
0.010101 -0.00908994
0.020202 -0.0181433
0.030303 -0.0271235
0.040404 -0.0359946
0.0505051 -0.0447207
0.0606061 -0.0532668
0.0707071 -0.0615983
0.0808081 -0.0696819
0.0909091 -0.0774848
0.10101 -0.0849757
0.111111 -0.0921245
0.121212 -0.0989023
0.131313 -0.105282
0.141414 -0.111238
0.151515 -0.116745
0.161616 -0.121783
0.171717 -0.12633
0.181818 -0.130369
0.191919 -0.133882
0.20202 -0.136857
0.212121 -0.13928
0.222222 -0.141143
0.232323 -0.142437
0.242424 -0.143158
0.252525 -0.143302
0.262626 -0.14287
0.272727 -0.141862
0.282828 -0.140282
0.292929 -0.138138
0.30303 -0.135438
0.313131 -0.132192
0.323232 -0.128414
0.333333 -0.124119
0.343434 -0.119324
0.353535 -0.114049
0.363636 -0.108314
0.373737 -0.102144
0.383838 -0.0955615
0.393939 -0.0885947
0.40404 -0.0812712
0.414141 -0.0736204
0.424242 -0.0656732
0.434343 -0.0574615
0.444444 -0.0490184
0.454545 -0.040378
0.464646 -0.031575
0.474747 -0.0226448
0.484848 -0.0136235
0.494949 -0.00454726
0.505051 0.00454726
0.515152 0.0136235
0.525253 0.0226448
0.535354 0.031575
0.545455 0.040378
0.555556 0.0490184
0.565657 0.0574615
0.575758 0.0656732
0.585859 0.0736204
0.59596 0.0812712
0.606061 0.0885947
0.616162 0.0955615
0.626263 0.102144
0.636364 0.108314
0.646465 0.114049
0.656566 0.119324
0.666667 0.124119
0.676768 0.128414
0.686869 0.132192
0.69697 0.135438
0.707071 0.138138
0.717172 0.140282
0.727273 0.141862
0.737374 0.14287
0.747475 0.143302
0.757576 0.143158
0.767677 0.142437
0.777778 0.141143
0.787879 0.13928
0.79798 0.136857
0.808081 0.133882
0.818182 0.130369
0.828283 0.12633
0.838384 0.121783
0.848485 0.116745
0.858586 0.111238
0.868687 0.105282
0.878788 0.0989023
0.888889 0.0921245
0.89899 0.0849757
0.909091 0.0774848
0.919192 0.0696819
0.929293 0.0615983
0.939394 0.0532668
0.949495 0.0447207
0.959596 0.0359946
0.969697 0.0271235
0.979798 0.0181433
0.989899 0.00908994
1 0

t=0.703518
0 0
0.010101 -0.00966798
0.020202 -0.019297
0.030303 -0.0288484
0.040404 -0.0382836
0.0505051 -0.0475646
0.0606061 -0.0566541
0.0707071 -0.0655155
0.0808081 -0.074113
0.0909091 -0.0824122
0.10101 -0.0903795
0.111111 -0.0979828
0.121212 -0.105192
0.131313 -0.111977
0.141414 -0.118311
0.151515 -0.124169
0.161616 -0.129527
0.171717 -0.134364
0.181818 -0.138659
0.191919 -0.142396
0.20202 -0.14556
0.212121 -0.148137
0.222222 -0.150118
0.232323 -0.151495
0.242424 -0.152262
0.252525 -0.152415
0.262626 -0.151955
0.272727 -0.150883
0.282828 -0.149203
0.292929 -0.146923
0.30303 -0.14405
0.313131 -0.140598
0.323232 -0.13658
0.333333 -0.132012
0.343434 -0.126912
0.353535 -0.121301
0.363636 -0.115202
0.373737 -0.108639
0.383838 -0.101638
0.393939 -0.0942286
0.40404 -0.0864393
0.414141 -0.078302
0.424242 -0.0698494
0.434343 -0.0611155
0.444444 -0.0521356
0.454545 -0.0429457
0.464646 -0.0335829
0.474747 -0.0240848
0.484848 -0.0144898
0.494949 -0.00483642
0.505051 0.00483642
0.515152 0.0144898
0.525253 0.0240848
0.535354 0.0335829
0.545455 0.0429457
0.555556 0.0521356
0.565657 0.0611155
0.575758 0.0698494
0.585859 0.078302
0.59596 0.0864393
0.606061 0.0942286
0.616162 0.101638
0.626263 0.108639
0.636364 0.115202
0.646465 0.121301
0.656566 0.126912
0.666667 0.132012
0.676768 0.13658
0.686869 0.140598
0.69697 0.14405
0.707071 0.146923
0.717172 0.149203
0.727273 0.150883
0.737374 0.151955
0.747475 0.152415
0.757576 0.152262
0.767677 0.151495
0.777778 0.150118
0.787879 0.148137
0.79798 0.14556
0.808081 0.142396
0.818182 0.138659
0.828283 0.134364
0.838384 0.129527
0.848485 0.124169
0.858586 0.118311
0.868687 0.111977
0.878788 0.105192
0.888889 0.0979828
0.89899 0.0903795
0.909091 0.0824122
0.919192 0.074113
0.929293 0.0655155
0.939394 0.0566541
0.949495 0.0475646
0.959596 0.0382836
0.969697 0.0288484
0.979798 0.019297
0.989899 0.00966798
1 0

t=0.728643
0 0
0.010101 -0.0100056
0.020202 -0.019971
0.030303 -0.0298559
0.040404 -0.0396206
0.0505051 -0.0492258
0.0606061 -0.0586327
0.0707071 -0.0678036
0.0808081 -0.0767014
0.0909091 -0.0852904
0.10101 -0.0935359
0.111111 -0.101405
0.121212 -0.108865
0.131313 -0.115888
0.141414 -0.122443
0.151515 -0.128506
0.161616 -0.134051
0.171717 -0.139056
0.181818 -0.143502
0.191919 -0.147369
0.20202 -0.150643
0.212121 -0.153311
0.222222 -0.155361
0.232323 -0.156786
0.242424 -0.157579
0.252525 -0.157738
0.262626 -0.157262
0.272727 -0.156152
0.282828 -0.154414
0.292929 -0.152054
0.30303 -0.149081
0.313131 -0.145509
0.323232 -0.14135
0.333333 -0.136622
0.343434 -0.131345
0.353535 -0.125538
0.363636 -0.119226
0.373737 -0.112433
0.383838 -0.105188
0.393939 -0.0975195
0.40404 -0.0894582
0.414141 -0.0810367
0.424242 -0.0722889
0.434343 -0.06325
0.444444 -0.0539564
0.454545 -0.0444456
0.464646 -0.0347557
0.474747 -0.024926
0.484848 -0.0149958
0.494949 -0.00500533
0.505051 0.00500533
0.515152 0.0149958
0.525253 0.024926
0.535354 0.0347557
0.545455 0.0444456
0.555556 0.0539564
0.565657 0.06325
0.575758 0.0722889
0.585859 0.0810367
0.59596 0.0894582
0.606061 0.0975195
0.616162 0.105188
0.626263 0.112433
0.636364 0.119226
0.646465 0.125538
0.656566 0.131345
0.666667 0.136622
0.676768 0.14135
0.686869 0.145509
0.69697 0.149081
0.707071 0.152054
0.717172 0.154414
0.727273 0.156152
0.737374 0.157262
0.747475 0.157738
0.757576 0.157579
0.767677 0.156786
0.777778 0.155361
0.787879 0.153311
0.79798 0.150643
0.808081 0.147369
0.818182 0.143502
0.828283 0.139056
0.838384 0.134051
0.848485 0.128506
0.858586 0.122443
0.868687 0.115888
0.878788 0.108865
0.888889 0.101405
0.89899 0.0935359
0.909091 0.0852904
0.919192 0.0767014
0.929293 0.0678036
0.939394 0.0586327
0.949495 0.0492258
0.959596 0.0396206
0.969697 0.0298559
0.979798 0.019971
0.989899 0.0100056
1 0

t=0.753769
0 0
0.010101 -0.0100945
0.020202 -0.0201483
0.030303 -0.0301211
0.040404 -0.0399725
0.0505051 -0.049663
0.0606061 -0.0591535
0.0707071 -0.0684058
0.0808081 -0.0773826
0.0909091 -0.0860479
0.10101 -0.0943667
0.111111 -0.102305
0.121212 -0.109832
0.131313 -0.116917
0.141414 -0.123531
0.151515 -0.129647
0.161616 -0.135242
0.171717 -0.140291
0.181818 -0.144776
0.191919 -0.148678
0.20202 -0.151981
0.212121 -0.154673
0.222222 -0.156741
0.232323 -0.158178
0.242424 -0.158979
0.252525 -0.159139
0.262626 -0.158658
0.272727 -0.157539
0.282828 -0.155785
0.292929 -0.153404
0.30303 -0.150405
0.313131 -0.146801
0.323232 -0.142606
0.333333 -0.137836
0.343434 -0.132511
0.353535 -0.126653
0.363636 -0.120284
0.373737 -0.113432
0.383838 -0.106122
0.393939 -0.0983856
0.40404 -0.0902527
0.414141 -0.0817564
0.424242 -0.0729309
0.434343 -0.0638117
0.444444 -0.0544356
0.454545 -0.0448403
0.464646 -0.0350644
0.474747 -0.0251474
0.484848 -0.015129
0.494949 -0.00504979
0.505051 0.00504979
0.515152 0.015129
0.525253 0.0251474
0.535354 0.0350644
0.545455 0.0448403
0.555556 0.0544356
0.565657 0.0638117
0.575758 0.0729309
0.585859 0.0817564
0.59596 0.0902527
0.606061 0.0983856
0.616162 0.106122
0.626263 0.113432
0.636364 0.120284
0.646465 0.126653
0.656566 0.132511
0.666667 0.137836
0.676768 0.142606
0.686869 0.146801
0.69697 0.150405
0.707071 0.153404
0.717172 0.155785
0.727273 0.157539
0.737374 0.158658
0.747475 0.159139
0.757576 0.158979
0.767677 0.158178
0.777778 0.156741
0.787879 0.154673
0.79798 0.151981
0.808081 0.148678
0.818182 0.144776
0.828283 0.140291
0.838384 0.135242
0.848485 0.129647
0.858586 0.123531
0.868687 0.116917
0.878788 0.109832
0.888889 0.102305
0.89899 0.0943667
0.909091 0.0860479
0.919192 0.0773826
0.929293 0.0684058
0.939394 0.0591535
0.949495 0.049663
0.959596 0.0399725
0.969697 0.0301211
0.979798 0.0201483
0.989899 0.0100945
1 0

t=0.778894
0 0
0.010101 -0.00993236
0.020202 -0.0198247
0.030303 -0.0296373
0.040404 -0.0393305
0.0505051 -0.0488653
0.0606061 -0.0582034
0.0707071 -0.0673071
0.0808081 -0.0761398
0.0909091 -0.0846659
0.10101 -0.092851
0.111111 -0.100662
0.121212 -0.108068
0.131313 -0.115039
0.141414 -0.121547
0.151515 -0.127565
0.161616 -0.133069
0.171717 -0.138038
0.181818 -0.142451
0.191919 -0.14629
0.20202 -0.14954
0.212121 -0.152188
0.222222 -0.154224
0.232323 -0.155638
0.242424 -0.156425
0.252525 -0.156583
0.262626 -0.15611
0.272727 -0.155009
0.282828 -0.153283
0.292929 -0.15094
0.30303 -0.14799
0.313131 -0.144443
0.323232 -0.140315
0.333333 -0.135622
0.343434 -0.130383
0.353535 -0.124619
0.363636 -0.118352
0.373737 -0.11161
0.383838 -0.104418
0.393939 -0.0968054
0.40404 -0.0888031
0.414141 -0.0804433
0.424242 -0.0717595
0.434343 -0.0627868
0.444444 -0.0535613
0.454545 -0.0441201
0.464646 -0.0345012
0.474747 -0.0247435
0.484848 -0.014886
0.494949 -0.00496868
0.505051 0.00496868
0.515152 0.014886
0.525253 0.0247435
0.535354 0.0345012
0.545455 0.0441201
0.555556 0.0535613
0.565657 0.0627868
0.575758 0.0717595
0.585859 0.0804433
0.59596 0.0888031
0.606061 0.0968054
0.616162 0.104418
0.626263 0.11161
0.636364 0.118352
0.646465 0.124619
0.656566 0.130383
0.666667 0.135622
0.676768 0.140315
0.686869 0.144443
0.69697 0.14799
0.707071 0.15094
0.717172 0.153283
0.727273 0.155009
0.737374 0.15611
0.747475 0.156583
0.757576 0.156425
0.767677 0.155638
0.777778 0.154224
0.787879 0.152188
0.79798 0.14954
0.808081 0.14629
0.818182 0.142451
0.828283 0.138038
0.838384 0.133069
0.848485 0.127565
0.858586 0.121547
0.868687 0.115039
0.878788 0.108068
0.888889 0.100662
0.89899 0.092851
0.909091 0.0846659
0.919192 0.0761398
0.929293 0.0673071
0.939394 0.0582034
0.949495 0.0488653
0.959596 0.0393305
0.969697 0.0296373
0.979798 0.0198247
0.989899 0.00993236
1 0

t=0.80402
0 0
0.010101 -0.00952327
0.020202 -0.0190082
0.030303 -0.0284166
0.040404 -0.0377105
0.0505051 -0.0468526
0.0606061 -0.0558061
0.0707071 -0.0645348
0.0808081 -0.0730037
0.0909091 -0.0811786
0.10101 -0.0890267
0.111111 -0.0965162
0.121212 -0.103617
0.131313 -0.110301
0.141414 -0.11654
0.151515 -0.122311
0.161616 -0.127588
0.171717 -0.132353
0.181818 -0.136584
0.191919 -0.140265
0.20202 -0.143381
0.212121 -0.14592
0.222222 -0.147871
0.232323 -0.149227
0.242424 -0.149983
0.252525 -0.150134
0.262626 -0.14968
0.272727 -0.148624
0.282828 -0.14697
0.292929 -0.144723
0.30303 -0.141894
0.313131 -0.138494
0.323232 -0.134536
0.333333 -0.130036
0.343434 -0.125013
0.353535 -0.119486
0.363636 -0.113478
0.373737 -0.107013
0.383838 -0.100117
0.393939 -0.0928182
0.40404 -0.0851455
0.414141 -0.07713
0.424242 -0.0688039
0.434343 -0.0602008
0.444444 -0.0513552
0.454545 -0.0423029
0.464646 -0.0330802
0.474747 -0.0237243
0.484848 -0.0142729
0.494949 -0.00476403
0.505051 0.00476403
0.515152 0.0142729
0.525253 0.0237243
0.535354 0.0330802
0.545455 0.0423029
0.555556 0.0513552
0.565657 0.0602008
0.575758 0.0688039
0.585859 0.07713
0.59596 0.0851455
0.606061 0.0928182
0.616162 0.100117
0.626263 0.107013
0.636364 0.113478
0.646465 0.119486
0.656566 0.125013
0.666667 0.130036
0.676768 0.134536
0.686869 0.138494
0.69697 0.141894
0.707071 0.144723
0.717172 0.14697
0.727273 0.148624
0.737374 0.14968
0.747475 0.150134
0.757576 0.149983
0.767677 0.149227
0.777778 0.147871
0.787879 0.14592
0.79798 0.143381
0.808081 0.140265
0.818182 0.136584
0.828283 0.132353
0.838384 0.127588
0.848485 0.122311
0.858586 0.11654
0.868687 0.110301
0.878788 0.103617
0.888889 0.0965162
0.89899 0.0890267
0.909091 0.0811786
0.919192 0.0730037
0.929293 0.0645348
0.939394 0.0558061
0.949495 0.0468526
0.959596 0.0377105
0.969697 0.0284166
0.979798 0.0190082
0.989899 0.00952327
1 0

t=0.829146
0 0
0.010101 -0.00887738
0.020202 -0.017719
0.030303 -0.0264893
0.040404 -0.0351529
0.0505051 -0.043675
0.0606061 -0.0520212
0.0707071 -0.0601579
0.0808081 -0.0680524
0.0909091 -0.0756729
0.10101 -0.0829887
0.111111 -0.0899703
0.121212 -0.0965896
0.131313 -0.10282
0.141414 -0.108636
0.151515 -0.114015
0.161616 -0.118935
0.171717 -0.123376
0.181818 -0.12732
0.191919 -0.130752
0.20202 -0.133657
0.212121 -0.136023
0.222222 -0.137842
0.232323 -0.139107
0.242424 -0.13981
0.252525 -0.139951
0.262626 -0.139529
0.272727 -0.138544
0.282828 -0.137002
0.292929 -0.134908
0.30303 -0.132271
0.313131 -0.129101
0.323232 -0.125411
0.333333 -0.121217
0.343434 -0.116534
0.353535 -0.111382
0.363636 -0.105781
0.373737 -0.099755
0.383838 -0.0933269
0.393939 -0.0865231
0.40404 -0.0793708
0.414141 -0.0718989
0.424242 -0.0641375
0.434343 -0.0561178
0.444444 -0.0478722
0.454545 -0.0394338
0.464646 -0.0308366
0.474747 -0.0221153
0.484848 -0.0133049
0.494949 -0.00444092
0.505051 0.00444092
0.515152 0.0133049
0.525253 0.0221153
0.535354 0.0308366
0.545455 0.0394338
0.555556 0.0478722
0.565657 0.0561178
0.575758 0.0641375
0.585859 0.0718989
0.59596 0.0793708
0.606061 0.0865231
0.616162 0.0933269
0.626263 0.099755
0.636364 0.105781
0.646465 0.111382
0.656566 0.116534
0.666667 0.121217
0.676768 0.125411
0.686869 0.129101
0.69697 0.132271
0.707071 0.134908
0.717172 0.137002
0.727273 0.138544
0.737374 0.139529
0.747475 0.139951
0.757576 0.13981
0.767677 0.139107
0.777778 0.137842
0.787879 0.136023
0.79798 0.133657
0.808081 0.130752
0.818182 0.12732
0.828283 0.123376
0.838384 0.118935
0.848485 0.114015
0.858586 0.108636
0.868687 0.10282
0.878788 0.0965896
0.888889 0.0899703
0.89899 0.0829887
0.909091 0.0756729
0.919192 0.0680524
0.929293 0.0601579
0.939394 0.0520212
0.949495 0.043675
0.959596 0.0351529
0.969697 0.0264893
0.979798 0.017719
0.989899 0.00887738
1 0

t=0.854271
0 0
0.010101 -0.00801076
0.020202 -0.0159893
0.030303 -0.0239034
0.040404 -0.0317212
0.0505051 -0.0394114
0.0606061 -0.0469428
0.0707071 -0.0542852
0.0808081 -0.0614091
0.0909091 -0.0682856
0.10101 -0.0748872
0.111111 -0.0811873
0.121212 -0.0871604
0.131313 -0.0927826
0.141414 -0.0980312
0.151515 -0.102885
0.161616 -0.107325
0.171717 -0.111332
0.181818 -0.114891
0.191919 -0.117988
0.20202 -0.120609
0.212121 -0.122745
0.222222 -0.124386
0.232323 -0.125527
0.242424 -0.126162
0.252525 -0.126289
0.262626 -0.125908
0.272727 -0.125019
0.282828 -0.123628
0.292929 -0.121738
0.30303 -0.119358
0.313131 -0.116498
0.323232 -0.113168
0.333333 -0.109383
0.343434 -0.105158
0.353535 -0.100509
0.363636 -0.0954549
0.373737 -0.0900168
0.383838 -0.0842163
0.393939 -0.0780766
0.40404 -0.0716225
0.414141 -0.06488
0.424242 -0.0578763
0.434343 -0.0506395
0.444444 -0.0431988
0.454545 -0.0355842
0.464646 -0.0278263
0.474747 -0.0199564
0.484848 -0.0120061
0.494949 -0.0040074
0.505051 0.0040074
0.515152 0.0120061
0.525253 0.0199564
0.535354 0.0278263
0.545455 0.0355842
0.555556 0.0431988
0.565657 0.0506395
0.575758 0.0578763
0.585859 0.06488
0.59596 0.0716225
0.606061 0.0780766
0.616162 0.0842163
0.626263 0.0900168
0.636364 0.0954549
0.646465 0.100509
0.656566 0.105158
0.666667 0.109383
0.676768 0.113168
0.686869 0.116498
0.69697 0.119358
0.707071 0.121738
0.717172 0.123628
0.727273 0.125019
0.737374 0.125908
0.747475 0.126289
0.757576 0.126162
0.767677 0.125527
0.777778 0.124386
0.787879 0.122745
0.79798 0.120609
0.808081 0.117988
0.818182 0.114891
0.828283 0.111332
0.838384 0.107325
0.848485 0.102885
0.858586 0.0980312
0.868687 0.0927826
0.878788 0.0871604
0.888889 0.0811873
0.89899 0.0748872
0.909091 0.0682856
0.919192 0.0614091
0.929293 0.0542852
0.939394 0.0469428
0.949495 0.0394114
0.959596 0.0317212
0.969697 0.0239034
0.979798 0.0159893
0.989899 0.00801076
1 0

t=0.879397
0 0
0.010101 -0.00694495
0.020202 -0.0138619
0.030303 -0.0207231
0.040404 -0.0275008
0.0505051 -0.0341678
0.0606061 -0.0406972
0.0707071 -0.0470628
0.0808081 -0.0532388
0.0909091 -0.0592005
0.10101 -0.0649237
0.111111 -0.0703856
0.121212 -0.075564
0.131313 -0.0804382
0.141414 -0.0849884
0.151515 -0.0891965
0.161616 -0.0930454
0.171717 -0.0965196
0.181818 -0.0996052
0.191919 -0.10229
0.20202 -0.104562
0.212121 -0.106414
0.222222 -0.107837
0.232323 -0.108826
0.242424 -0.109376
0.252525 -0.109487
0.262626 -0.109156
0.272727 -0.108386
0.282828 -0.107179
0.292929 -0.105541
0.30303 -0.103478
0.313131 -0.100998
0.323232 -0.0981118
0.333333 -0.0948302
0.343434 -0.0911668
0.353535 -0.0871363
0.363636 -0.082755
0.373737 -0.0780404
0.383838 -0.0730116
0.393939 -0.0676887
0.40404 -0.0620933
0.414141 -0.0562479
0.424242 -0.050176
0.434343 -0.0439021
0.444444 -0.0374514
0.454545 -0.0308499
0.464646 -0.0241241
0.474747 -0.0173012
0.484848 -0.0104087
0.494949 -0.00347423
0.505051 0.00347423
0.515152 0.0104087
0.525253 0.0173012
0.535354 0.0241241
0.545455 0.0308499
0.555556 0.0374514
0.565657 0.0439021
0.575758 0.050176
0.585859 0.0562479
0.59596 0.0620933
0.606061 0.0676887
0.616162 0.0730116
0.626263 0.0780404
0.636364 0.082755
0.646465 0.0871363
0.656566 0.0911668
0.666667 0.0948302
0.676768 0.0981118
0.686869 0.100998
0.69697 0.103478
0.707071 0.105541
0.717172 0.107179
0.727273 0.108386
0.737374 0.109156
0.747475 0.109487
0.757576 0.109376
0.767677 0.108826
0.777778 0.107837
0.787879 0.106414
0.79798 0.104562
0.808081 0.10229
0.818182 0.0996052
0.828283 0.0965196
0.838384 0.0930454
0.848485 0.0891965
0.858586 0.0849884
0.868687 0.0804382
0.878788 0.075564
0.888889 0.0703856
0.89899 0.0649237
0.909091 0.0592005
0.919192 0.0532388
0.929293 0.0470628
0.939394 0.0406972
0.949495 0.0341678
0.959596 0.0275008
0.969697 0.0207231
0.979798 0.0138619
0.989899 0.00694495
1 0

t=0.904523
0 0
0.010101 -0.00570646
0.020202 -0.0113899
0.030303 -0.0170276
0.040404 -0.0225966
0.0505051 -0.0280747
0.0606061 -0.0334397
0.0707071 -0.0386701
0.0808081 -0.0437448
0.0909091 -0.0486433
0.10101 -0.0533459
0.111111 -0.0578338
0.121212 -0.0620887
0.131313 -0.0660937
0.141414 -0.0698325
0.151515 -0.0732901
0.161616 -0.0764527
0.171717 -0.0793073
0.181818 -0.0818426
0.191919 -0.0840484
0.20202 -0.0859158
0.212121 -0.0874372
0.222222 -0.0886065
0.232323 -0.089419
0.242424 -0.0898715
0.252525 -0.089962
0.262626 -0.0896904
0.272727 -0.0890576
0.282828 -0.0880661
0.292929 -0.0867201
0.30303 -0.0850249
0.313131 -0.0829873
0.323232 -0.0806156
0.333333 -0.0779192
0.343434 -0.0749091
0.353535 -0.0715974
0.363636 -0.0679973
0.373737 -0.0641235
0.383838 -0.0599914
0.393939 -0.0556178
0.40404 -0.0510203
0.414141 -0.0462173
0.424242 -0.0412282
0.434343 -0.0360731
0.444444 -0.0307727
0.454545 -0.0253484
0.464646 -0.0198221
0.474747 -0.0142159
0.484848 -0.00855251
0.494949 -0.00285467
0.505051 0.00285467
0.515152 0.00855251
0.525253 0.0142159
0.535354 0.0198221
0.545455 0.0253484
0.555556 0.0307727
0.565657 0.0360731
0.575758 0.0412282
0.585859 0.0462173
0.59596 0.0510203
0.606061 0.0556178
0.616162 0.0599914
0.626263 0.0641235
0.636364 0.0679973
0.646465 0.0715974
0.656566 0.0749091
0.666667 0.0779192
0.676768 0.0806156
0.686869 0.0829873
0.69697 0.0850249
0.707071 0.0867201
0.717172 0.0880661
0.727273 0.0890576
0.737374 0.0896904
0.747475 0.089962
0.757576 0.0898715
0.767677 0.089419
0.777778 0.0886065
0.787879 0.0874372
0.79798 0.0859158
0.808081 0.0840484
0.818182 0.0818426
0.828283 0.0793073
0.838384 0.0764527
0.848485 0.0732901
0.858586 0.0698325
0.868687 0.0660937
0.878788 0.0620887
0.888889 0.0578338
0.89899 0.0533459
0.909091 0.0486433
0.919192 0.0437448
0.929293 0.0386701
0.939394 0.0334397
0.949495 0.0280747
0.959596 0.0225966
0.969697 0.0170276
0.979798 0.0113899
0.989899 0.00570646
1 0

t=0.929648
0 0
0.010101 -0.00432609
0.020202 -0.00863475
0.030303 -0.0129086
0.040404 -0.0171306
0.0505051 -0.0212835
0.0606061 -0.0253507
0.0707071 -0.0293159
0.0808081 -0.033163
0.0909091 -0.0368766
0.10101 -0.0404417
0.111111 -0.0438439
0.121212 -0.0470696
0.131313 -0.0501058
0.141414 -0.0529402
0.151515 -0.0555615
0.161616 -0.057959
0.171717 -0.0601231
0.181818 -0.0620451
0.191919 -0.0637173
0.20202 -0.065133
0.212121 -0.0662863
0.222222 -0.0671728
0.232323 -0.0677888
0.242424 -0.0681318
0.252525 -0.0682005
0.262626 -0.0679945
0.272727 -0.0675148
0.282828 -0.0667632
0.292929 -0.0657428
0.30303 -0.0644576
0.313131 -0.0629129
0.323232 -0.0611149
0.333333 -0.0590708
0.343434 -0.0567888
0.353535 -0.0542782
0.363636 -0.051549
0.373737 -0.0486122
0.383838 -0.0454797
0.393939 -0.042164
0.40404 -0.0386786
0.414141 -0.0350374
0.424242 -0.0312552
0.434343 -0.0273471
0.444444 -0.0233289
0.454545 -0.0192167
0.464646 -0.0150272
0.474747 -0.0107771
0.484848 -0.00648368
0.494949 -0.00216413
0.505051 0.00216413
0.515152 0.00648368
0.525253 0.0107771
0.535354 0.0150272
0.545455 0.0192167
0.555556 0.0233289
0.565657 0.0273471
0.575758 0.0312552
0.585859 0.0350374
0.59596 0.0386786
0.606061 0.042164
0.616162 0.0454797
0.626263 0.0486122
0.636364 0.051549
0.646465 0.0542782
0.656566 0.0567888
0.666667 0.0590708
0.676768 0.0611149
0.686869 0.0629129
0.69697 0.0644576
0.707071 0.0657428
0.717172 0.0667632
0.727273 0.0675148
0.737374 0.0679945
0.747475 0.0682005
0.757576 0.0681318
0.767677 0.0677888
0.777778 0.0671728
0.787879 0.0662863
0.79798 0.065133
0.808081 0.0637173
0.818182 0.0620451
0.828283 0.0601231
0.838384 0.057959
0.848485 0.0555615
0.858586 0.0529402
0.868687 0.0501058
0.878788 0.0470696
0.888889 0.0438439
0.89899 0.0404417
0.909091 0.0368766
0.919192 0.033163
0.929293 0.0293159
0.939394 0.0253507
0.949495 0.0212835
0.959596 0.0171306
0.969697 0.0129086
0.979798 0.00863475
0.989899 0.00432609
1 0

t=0.954774
0 0
0.010101 -0.00283814
0.020202 -0.00566485
0.030303 -0.00846876
0.040404 -0.0112386
0.0505051 -0.0139631
0.0606061 -0.0166314
0.0707071 -0.0192328
0.0808081 -0.0217567
0.0909091 -0.024193
0.10101 -0.0265319
0.111111 -0.0287639
0.121212 -0.0308802
0.131313 -0.0328721
0.141414 -0.0347316
0.151515 -0.0364513
0.161616 -0.0380241
0.171717 -0.0394439
0.181818 -0.0407049
0.191919 -0.0418019
0.20202 -0.0427307
0.212121 -0.0434873
0.222222 -0.0440689
0.232323 -0.044473
0.242424 -0.0446981
0.252525 -0.0447431
0.262626 -0.044608
0.272727 -0.0442933
0.282828 -0.0438002
0.292929 -0.0431307
0.30303 -0.0422876
0.313131 -0.0412742
0.323232 -0.0400946
0.333333 -0.0387536
0.343434 -0.0372565
0.353535 -0.0356093
0.363636 -0.0338188
0.373737 -0.0318922
0.383838 -0.0298371
0.393939 -0.0276618
0.40404 -0.0253752
0.414141 -0.0229864
0.424242 -0.0205051
0.434343 -0.0179411
0.444444 -0.015305
0.454545 -0.0126072
0.464646 -0.00985862
0.474747 -0.00707036
0.484848 -0.00425364
0.494949 -0.00141979
0.505051 0.00141979
0.515152 0.00425364
0.525253 0.00707036
0.535354 0.00985862
0.545455 0.0126072
0.555556 0.015305
0.565657 0.0179411
0.575758 0.0205051
0.585859 0.0229864
0.59596 0.0253752
0.606061 0.0276618
0.616162 0.0298371
0.626263 0.0318922
0.636364 0.0338188
0.646465 0.0356093
0.656566 0.0372565
0.666667 0.0387536
0.676768 0.0400946
0.686869 0.0412742
0.69697 0.0422876
0.707071 0.0431307
0.717172 0.0438002
0.727273 0.0442933
0.737374 0.044608
0.747475 0.0447431
0.757576 0.0446981
0.767677 0.044473
0.777778 0.0440689
0.787879 0.0434873
0.79798 0.0427307
0.808081 0.0418019
0.818182 0.0407049
0.828283 0.0394439
0.838384 0.0380241
0.848485 0.0364513
0.858586 0.0347316
0.868687 0.0328721
0.878788 0.0308802
0.888889 0.0287639
0.89899 0.0265319
0.909091 0.024193
0.919192 0.0217567
0.929293 0.0192328
0.939394 0.0166314
0.949495 0.0139631
0.959596 0.0112386
0.969697 0.00846876
0.979798 0.00566485
0.989899 0.00283814
1 0

t=0.979899
0 0
0.010101 -0.00127963
0.020202 -0.0025541
0.030303 -0.00381829
0.040404 -0.00506711
0.0505051 -0.00629552
0.0606061 -0.00749858
0.0707071 -0.00867145
0.0808081 -0.0098094
0.0909091 -0.0109079
0.10101 -0.0119624
0.111111 -0.0129687
0.121212 -0.0139229
0.131313 -0.014821
0.141414 -0.0156594
0.151515 -0.0164347
0.161616 -0.0171439
0.171717 -0.017784
0.181818 -0.0183525
0.191919 -0.0188472
0.20202 -0.0192659
0.212121 -0.0196071
0.222222 -0.0198693
0.232323 -0.0200515
0.242424 -0.0201529
0.252525 -0.0201732
0.262626 -0.0201123
0.272727 -0.0199704
0.282828 -0.0197481
0.292929 -0.0194463
0.30303 -0.0190661
0.313131 -0.0186092
0.323232 -0.0180774
0.333333 -0.0174727
0.343434 -0.0167977
0.353535 -0.0160551
0.363636 -0.0152478
0.373737 -0.0143792
0.383838 -0.0134526
0.393939 -0.0124718
0.40404 -0.0114409
0.414141 -0.0103638
0.424242 -0.00924508
0.434343 -0.00808909
0.444444 -0.00690052
0.454545 -0.00568417
0.464646 -0.00444494
0.474747 -0.0031878
0.484848 -0.00191783
0.494949 -0.000640136
0.505051 0.000640136
0.515152 0.00191783
0.525253 0.0031878
0.535354 0.00444494
0.545455 0.00568417
0.555556 0.00690052
0.565657 0.00808909
0.575758 0.00924508
0.585859 0.0103638
0.59596 0.0114409
0.606061 0.0124718
0.616162 0.0134526
0.626263 0.0143792
0.636364 0.0152478
0.646465 0.0160551
0.656566 0.0167977
0.666667 0.0174727
0.676768 0.0180774
0.686869 0.0186092
0.69697 0.0190661
0.707071 0.0194463
0.717172 0.0197481
0.727273 0.0199704
0.737374 0.0201123
0.747475 0.0201732
0.757576 0.0201529
0.767677 0.0200515
0.777778 0.0198693
0.787879 0.0196071
0.79798 0.0192659
0.808081 0.0188472
0.818182 0.0183525
0.828283 0.017784
0.838384 0.0171439
0.848485 0.0164347
0.858586 0.0156594
0.868687 0.014821
0.878788 0.0139229
0.888889 0.0129687
0.89899 0.0119624
0.909091 0.0109079
0.919192 0.0098094
0.929293 0.00867145
0.939394 0.00749858
0.949495 0.00629552
0.959596 0.00506711
0.969697 0.00381829
0.979798 0.0025541
0.989899 0.00127963
1 0

